113629510
113624741
113620813
113634243
113638947
113633403
113640096
113642495
113646140
113647238
113650805
113649337
113653439
113660258
113657899
113668421
113663761
113669672
113675477
113673212
113670847
113701612
113708152
113675563
113720356
113708805
113723941
113737446
113726249
113740109
113745971
113752335
113745999
113595000
113770998
113596171
113597343
113598481
113600807
113599643
113601979
113603120
113604281
113605451
113606620
113607794
113608282
113608948
113610121
113611289
113612468
113614841
113613636
113616014
113617246
113618628
113619657
113620462
113622060
113622399
