113596171
113597343
113598481
113599643
113600807
113601979
113603120
113604281
113605451
113606620
113607794
113608948
113610121
113611289
113612468
113614841
113616014
113617246
113618628
113619657
113620462
113620813
113622060
113622399
113623571
113624741
113625918
113627394
113628315
113629510
113630690
113631852
113633403
113635298
113636579
113637757
113638947
113640096
113642495
113643600
113644871
113646027
113646140
113647238
113649337
113650805
113650919
113653439
113655516
113660258
113661429
113662619
113663377
113664496
113664946
113665665
113666897
113667301
113667973
113668421
113669130
113669672
113670301
113670847
113671458
113672032
113673212
113673822
113674419
113675477
113675563
113676198
113676743
113677394
113677936
113678685
113679102
113679638
113679763
113680669
113682140
113683345
113684725
113685635
113685763
113686911
113687103
113687700
113688090
113689280
113691638
113692779
113692826
113695298
113695790
113696313
113696377
113697495
113697572
113698761
113699895
113699947
113701124
113701612
113702310
113703060
113703487
113703531
113704678
113705891
113708152
113708263
113708805
113710667
113711146
113713019
113714206
113716576
113717775
113719228
113720132
113720356
113721336
113722524
113723682
113723941
113725036
113726066
113727264
113728185
113728318
113728679
113729658
113730844
113735364
113738072
113738657
113738813
113740109
113744024
113745971
113745999
113746326
113749087
113749810
113752335
113757826
113758176
113759237
113761474
113762115
113766410
113770998
113772937
113772943
