113065970 1
113079212 0
113091953 0
113093088 1
113103588 1
113125645 1
113138587 0
113175616 1
113184088 0
113188236 0
113190850 0
113202318 1
113222145 0
113242018 1
113251560 1
113270086 1
113316958 1
113352054 0
113513519 1
113658239 1
113079221 1
113097920 1
113168578 1
113193141 0
113203809 0
113215092 1
113216231 0
113229034 0
113236533 1
113252618 0
113262156 1
113276020 0
113413677 1
113503361 0
113586122 0
113593090 1
113598248 0
113621652 0
113684025 0
113748445 1
113065954 0
113073288 0
113080405 0
113093036 0
113103617 1
113112818 1
113125640 1
113132789 0
113153647 1
113175616 0
113230536 1
113243276 0
113246496 0
113292327 1
113316908 0
113342748 0
113352049 0
113422367 0
113498333 0
113564886 0
113073284 1
113074365 0
113087145 0
113104360 0
113135074 1
113139777 1
113146625 1
113160477 0
113180524 0
113197807 0
113217709 0
113228378 0
113252616 0
113276016 1
113352081 1
113390589 1
113428049 1
113428053 1
113430817 1
113439537 1
113118870 1
113142011 1
113216186 1
113333423 1
113380121 1
113389473 1
113390437 0
113395632 0
113492530 1
113537111 0
113548978 1
113573160 1
113579388 1
113709674 0
113899592 0
113709444 1
113740423 0
113773025 1
113781287 1
113787172 1
113788337 0
113790698 0
113803750 0
113820729 0
113830726 1
113855986 0
113856065 1
113888267 0
113889526 0
113902053 1
113905606 1
