113067521 1
113097911 0
113125644 1
113224254 1
113236034 0
113065954 1
113087145 1
113112822 0
113132794 1
113153433 1
113067522 1
113096241 1
113109182 1
113132795 1
113159429 0
113067524 1
113109182 0
113153431 0
113195165 1
113229596 0
113067522 0
113092068 1
113097421 1
113183530 0
113189343 1
113067521 0
113083668 1
113097923 1
113118870 0
113145342 0
113066303 1
113083668 0
113104649 1
113118872 1
113146627 1
113095439 0
113124487 0
113153445 1
113180379 1
113214242 1
113532009 1
113537115 1
113543206 1
113543803 0
113547380 1
