113067521 1
113097911 0
113125644 1
113224254 1
113236034 0
113247647 1
113273596 1
113333418 0
113395629 1
113445183 1
113065954 1
113087145 1
113112822 0
113132794 1
113153433 1
113179000 1
113207353 0
113236034 1
113254907 1
113292331 0
113067522 1
113096241 1
113109182 1
113132795 1
113159429 0
113180209 0
113207284 1
113233703 0
113259814 1
113300601 1
113067524 1
113109182 0
113153431 0
113195165 1
113229596 0
113284191 1
113308626 0
113342744 0
113409195 1
113422375 0
113067522 0
113092068 1
113097421 1
113183530 0
113189343 1
113196323 1
113202318 0
113214242 0
113236533 0
113262156 0
113067521 0
113083668 1
113097923 1
113118870 0
113145342 0
113168728 1
113221279 0
113246820 0
113273596 0
113300589 0
113066303 1
113083668 0
113104649 1
113118872 1
113146627 1
113181583 1
113215092 0
113237239 1
113252618 1
113288902 1
113095439 0
113124487 0
113153445 1
113180379 1
113214242 1
113237685 1
113257456 0
113276019 0
113316908 1
113329732 0
113532009 1
113537115 1
113543206 1
113543803 0
113547380 1
113549871 0
113563715 1
113577176 1
113609850 0
113623209 1
