113532009 1
113065954 1
113067521 0
113095439 0
113067524 1
113067522 0
113066303 1
113067522 1
113543803 0
113132794 1
113118870 0
113180379 1
113195165 1
113183530 0
113118872 1
113132795 1
113563715 1
113207353 0
113221279 0
113257456 0
113308626 0
113202318 0
113215092 0
113207284 1
113623209 1
113292331 0
113300589 0
113329732 0
113422375 0
113262156 0
113288902 1
113300601 1
113637102 1
113388403 1
113405851 1
113555940 0
113481778 1
113332087 1
113357746 1
113454048 0
113655904 0
113461103 0
113478442 0
113610717 1
113542920 0
113395634 1
113449988 1
113491631 1
113691007 0
113537105 1
113537398 0
113672443 0
113598187 0
113634604 0
113491631 0
113554851 0
113700612 0
113612093 0
113605053 0
113733286 1
113691890 1
113758152 1
113610717 0
113624027 1
113739202 1
113734520 0
113710858 0
113808862 0
113787430 0
113807139 1
113717877 0
113733283 0
113808863 0
113808862 1
113823244 1
113840712 1
113858379 0
113838558 0
113824632 0
113819980 0
