112268137
112268617
112261816
112233724
112226919
112219935
112213769
112202146
112196622
112190830
112184604
112178518
112178512
112171237
112168268
112166470
112167210
112161810
112159545
112158294
112147754
112143149
112138739
112138698
112132265
112131689
112117621
112110886
112108639
112101868
112279120
112275631
112271009
112257944
112253496
112251252
112239192
112231156
112228347
112215497
112194915
112184788
112172969
112168840
112159851
112153774
112151650
112144925
112132559
112130482
112129321
112115278
112108476