112495873
112300737
112288303
112233724
112202146
112190830
112184604
112171237
112167210
112159545
112147754
112138698
112117621
112108639
112092277
112057430
112048732
112023613
112021364
112019113
112015706
112013523
112011157
112007752
112006618
112000958
112003820
112323195
112312308
112304274
112286779
112275631
112257944
112251252
112228347
112194915
112184788
112168840
112138798
112130482
112108476
112099195
112089086
112071367
112064245
112054375
112039727
112009465
111993506
111970990
111967561
111958469
111953920
111935193
111871922
111848680
111835444
111820488
111799350
111792060
111777154
111769097
111749735
111734247
111732000
111719670
112090712
112057430
112048732
112032710
112028173
112023613
112013431
112008898
112099020
112098426
112089086
112079112
112062179
112061257
112047339
112039727
111991165
111973434
111970990
111968698
111966411
111960746
111958963
111948251
