112495873
112289388
112233724
112196622
112184604
112168268
112159545
112138739
112117621
112101868
112057430
112028173
112021364
112017974
112013523
112010028
112006618
112003221
112323195
112308883
112286779
112271009
112251252
112209692
112184788
112151650
112130482
112099020
112089086
112062179
112054375
112027927
111993506
111969841
111958469
111949385
111871922
111843006
111820488
111794602
111777154
111752423
111734247
111721280
112041955
112027040
112098426
111991165
111968698
111952785
111958035
111961381
111964708
111968053
111969256
111972555
111974892
111978334
111981745
111985132
111988517
111990785
111993045
111995301
111999836
112268137
112213769
112143149
112215497
112153774
111955061
111950661
111955172
112540435
112607858
111932416
111929294
111940338
111930252
111939686
111940253
111866635
111814942
