113624741
113629510
113634243
113638947
113642495
113646140
113649337
113650805
113657899
113660258
113668421
113669672
113673212
113675477
113701612
113708152
113720356
113723941
113737446
113740109
113745999
113752335
113595000
113596171
113598481
113599643
113601979
113603120
113605451
113606620
113608282
113608948
113611289
113612468
113614841
113616014
113618628
113619657
113622060
113622399
113625918
113627102
113628315
113630690
113633038
113635298
113637757
113641317
113644871
113646027
113650919
113652147
113655516
113656698
113661429
113662619
113666109
113667301
113674419
113676743
113679102
113680669
113695790
113711146
113726483
113728318
113744024
113753488
113772943
113672631
113696377
113703531
113663377
113664496
113666897
113667973
113670301
113671458
113673822
113674999
113677394
113678685
113680983
113682140
113684725
113685635
113686911
113687103
113689280
113690454
113692779
113692826
113695298
113696313
113697572
113698761
113699947
113701124
113703060
113703487
113705891
113707176
113709455
113710667
113713019
113714206
113715217
113715372
113717775
113718950
113721336
113722524
113724932
113725036
113727264
113728185
113729658
113730844
113738657
113738813
113744984
113746326
113749087
113749810
113757826
113758176
113759237
113762115
113765278
113766410
113772937
