113620813
113633403
113640096
113647238
113653439
113663761
113670847
113675563
113708805
113726249
113745971
113770998
113597343
113600807
113604281
113607794
113610121
113613636
113617246
113620462
113623571
113627394
113631852
113636579
113643600
113648427
113654286
113659069
113664946
113672032
113677936
113687700
113719228
113735903
113761474
113679638
113738072
113665665
113669130
113672619
113676198
113679763
113683345
113685763
113688090
113691638
113694016
113697495
113699895
113702310
113704678
113708263
113711821
113714752
113716576
113720132
113723682
113726066
113728679
113735364
