
TOMATO: revenue $ (units, $/unit) per window: winners | gate elite | sf8, by demand at 4 shops
  dem  0 n 376/118 | 0-11:     0(   0,  0)     0(   0,  0)     0(   0,  0) | 12-15:     0(   0, 62)     4(   0, 62)     0(   0,  0) | 16-19:   259(   4, 61)   202(   3, 61)   167(   3, 62) | 20-23:   983(  17, 56)   772(  14, 56)   598(  13, 47) | 24-29:  1592(  30, 53)  1376(  24, 58)   142(   2, 81) 
  dem  6 n 494/165 | 0-11:     0(   0,  0)     0(   0,  0)     0(   0,  0) | 12-15:     2(   0, 70)     2(   0, 68)     0(   0,  0) | 16-19:   500(   7, 70)   491(   7, 70)   235(   3, 70) | 20-23:  2362(  35, 67)  2211(  33, 68)  1146(  19, 61) | 24-29:  3443(  54, 64)  3038(  44, 69)  2153(  27, 81) 
  dem 12 n 230/ 81 | 0-11:     0(   0,  0)     0(   0,  0)     0(   0,  0) | 12-15:     1(   0, 74)    11(   0, 75)     0(   0,  0) | 16-19:  1006(  13, 78)   962(  12, 77)   272(   3, 78) | 20-23:  4376(  59, 75)  3440(  44, 77)  1605(  21, 77) | 24-29:  5453(  72, 75)  5075(  59, 86)  6908(  67,103) 
  dem 18 n  37/ 16 | 0-11:     0(   0,  0)     0(   0,  0)     0(   0,  0) | 12-15:     0(   0,  0)    10(   0, 81)     0(   0,  0) | 16-19:  1613(  18, 89)   888(  10, 92)   355(   4, 92) | 20-23:  8264(  95, 87)  5117(  56, 91)  2817(  31, 91) | 24-29:  7460(  85, 88)  5975(  63, 95) 14991( 102,147) 
  dem 24 n   4/  1 | 0-11:     0(   0,  0)     0(   0,  0)     0(   0,  0) | 12-15:     0(   0,  0)     0(   0,  0)     0(   0,  0) | 16-19:  2731(  18,152)  1114(   8,139)  1341(  12,112) | 20-23: 16583( 102,162) 12972(  81,160)  2477(  15,165) | 24-29: 20413( 122,167) 17145( 108,159) 18514( 115,161) 

CARROT: revenue $ (units, $/unit) per window: winners | gate elite | sf8, by demand at 4 shops
  dem  0 n 391/139 | 0-11:    17(   0, 34)    12(   0, 34)     0(   0,  0) | 12-15:    46(   1, 33)    30(   1, 36)     0(   0,  0) | 16-19:    61(   2, 35)    96(   3, 36)     0(   0,  0) | 20-23:   261(   7, 38)   358(   9, 39)     8(   0, 42) | 24-29:  2477(  71, 35)  2802(  74, 38)  2086(  63, 33) 
  dem  6 n 246/ 74 | 0-11:    16(   0, 34)    48(   1, 34)     0(   0,  0) | 12-15:   113(   3, 38)    66(   2, 39)     0(   0,  0) | 16-19:   158(   4, 41)   252(   6, 41)     0(   0,  0) | 20-23:   511(  12, 44)   657(  15, 43)   134(   3, 50) | 24-29:  4277( 103, 41)  4263(  95, 45)  3156(  72, 44) 
  dem 12 n 286/ 99 | 0-11:    24(   1, 35)    19(   0, 41)     7(   0, 41) | 12-15:   528(  12, 43)   496(  11, 44)     0(   0,  0) | 16-19:   983(  23, 42)  1075(  24, 45)    34(   1, 49) | 20-23:  1538(  35, 44)  1623(  34, 47)  1486(  30, 50) | 24-29:  5535( 136, 41)  5906( 131, 45)  5671( 129, 44) 
  dem 18 n 120/ 39 | 0-11:    22(   1, 37)    22(   1, 35)     0(   0,  0) | 12-15:   704(  15, 46)   539(  12, 47)     0(   0,  0) | 16-19:  1464(  31, 47)  1382(  28, 49)   189(   4, 52) | 20-23:  2022(  41, 49)  2190(  42, 52)  2233(  42, 53) | 24-29:  7296( 159, 46)  7539( 154, 49)  7650( 153, 50) 
  dem 24 n  98/ 30 | 0-11:    65(   2, 42)    43(   1, 40)    35(   1, 43) | 12-15:  1869(  40, 47)  1878(  38, 49)   144(   3, 54) | 16-19:  3183(  69, 46)  3362(  66, 51)   577(  11, 54) | 20-23:  3371(  74, 46)  4004(  75, 54)  3491(  65, 54) | 24-29:  7625( 183, 42)  9151( 184, 50) 10298( 215, 48) 

EGG: revenue $ (units, $/unit) per window: winners | gate elite | sf8, by demand at 4 shops
  dem  0 n 338/112 | 0-11:   155(   3, 48)   262(   5, 48)    13(   0, 48) | 12-15:   814(  18, 46)   917(  20, 47)   117(   3, 46) | 16-19:  1298(  30, 44)  1228(  28, 45)   528(  12, 44) | 20-23:  1178(  28, 42)  1188(  27, 43)   467(  11, 43) | 24-29:  1771(  42, 42)  1772(  41, 43)   867(  21, 42) 
  dem  6 n 482/165 | 0-11:   257(   5, 51)   322(   6, 51)    43(   1, 52) | 12-15:  1334(  27, 49)  1439(  28, 51)   326(   6, 51) | 16-19:  1897(  41, 46)  1850(  39, 48)   920(  19, 48) | 20-23:  1733(  39, 44)  1763(  38, 46)   832(  18, 45) | 24-29:  2599(  59, 44)  2685(  59, 46)  1542(  34, 45) 
  dem 12 n 268/ 80 | 0-11:   401(   8, 53)   430(   8, 53)   108(   2, 54) | 12-15:  2008(  39, 52)  2116(  40, 53)   556(  10, 53) | 16-19:  2713(  56, 48)  2575(  50, 51)  1302(  25, 51) | 20-23:  2517(  55, 46)  2588(  52, 49)  1221(  25, 49) | 24-29:  3828(  84, 45)  3974(  81, 49)  2300(  48, 48) 
  dem 18 n  49/ 23 | 0-11:   660(  12, 54)   634(  12, 54)   205(   4, 55) | 12-15:  2826(  53, 54)  3416(  62, 55)   825(  15, 55) | 16-19:  3595(  72, 50)  3745(  70, 53)  1942(  36, 54) | 20-23:  3345(  71, 47)  3580(  70, 51)  1764(  34, 52) | 24-29:  5182( 112, 46)  5578( 113, 49)  3231(  64, 51) 
  dem 24 n   4/  1 | 0-11:   448(   8, 56)  1377(  25, 55)   110(   2, 55) | 12-15:  3662(  65, 56)  3432(  60, 57)  1154(  20, 58) | 16-19:  4655(  86, 54)  3051(  52, 59)  2272(  39, 58) | 20-23:  3948(  78, 50)  3981(  65, 61)  2441(  40, 61) | 24-29:  6212( 134, 46)  7428( 115, 65)  4513(  70, 64) 

WHEAT: revenue $ (units, $/unit) per window: winners | gate elite | sf8, by demand at 4 shops
  dem  0 n  28/ 12 | 0-11:  3602( 110, 33)  4449( 136, 33)  1653(  52, 32) | 12-15:  2953(  81, 36)  2139(  58, 37)   748(  20, 37) | 16-19:  2125(  62, 34)  2030(  58, 35)  1414(  40, 35) | 20-23:  2435(  76, 32)  2746(  82, 33)   262(   9, 29) | 24-29:  6891( 263, 26)  7822( 258, 30)  3996( 139, 29) 
  dem  6 n 162/ 50 | 0-11:  2443(  73, 33)  7582( 223, 34)  1528(  48, 32) | 12-15:  3207(  84, 38)  6323( 167, 38)   886(  23, 38) | 16-19:  2546(  69, 37)  4816( 135, 36)  1632(  45, 36) | 20-23:  2719(  76, 36)  4496( 136, 33)   727(  21, 35) | 24-29:  7153( 252, 28)  9939( 350, 28)  4063( 137, 30) 
  dem 12 n 355/116 | 0-11:  2969(  86, 35)  5768( 168, 34)  1629(  50, 32) | 12-15:  3578(  92, 39)  5499( 139, 40)  2098(  53, 40) | 16-19:  2897(  78, 37)  4127( 107, 38)  2111(  55, 38) | 20-23:  3034(  84, 36)  4149( 112, 37)  1392(  37, 37) | 24-29:  8255( 274, 30)  9882( 304, 33)  5645( 172, 33) 
  dem 18 n 424/142 | 0-11:  2480(  72, 34)  5609( 160, 35)  1853(  55, 34) | 12-15:  3654(  93, 39)  5703( 141, 40)  5445( 132, 41) | 16-19:  3128(  83, 38)  4770( 121, 39)  2240(  56, 40) | 20-23:  3152(  85, 37)  4694( 120, 39)  1556(  39, 40) | 24-29:  9105( 282, 32) 11034( 315, 35)  6191( 175, 35) 
  dem 24 n 172/ 61 | 0-11:  3124(  89, 35)  5080( 143, 35)  1939(  57, 34) | 12-15:  4208( 103, 41)  6102( 149, 41)  4030(  95, 42) | 16-19:  3554(  90, 40)  5057( 126, 40)  2464(  60, 41) | 20-23:  3269(  84, 39)  4880( 123, 40)  1791(  44, 41) | 24-29: 10484( 304, 35) 12468( 343, 36)  7067( 193, 37) 
