day | group: owned  straw  other-crops  animals  empty-structs  weeds  free
d12 | W 89.2 26.5 37.0 20.9  0.0  0.0  4.8 | E 84.8 26.3 35.6 19.9  0.1  0.3  2.5 | U 80.5 32.0 27.1 17.4  0.8  0.0  3.2
d14 | W 89.3 28.1 36.5 21.0  0.0  0.1  3.6 | E 84.9 27.8 34.5 20.0  0.2  0.4  2.1 | U 80.5 32.0 27.3 17.4  0.8  0.0  3.0
d16 | W 89.3 29.5 34.6 21.4  0.0  0.3  3.6 | E 84.9 28.9 32.7 20.0  0.4  0.5  2.4 | U 81.2 32.0 27.8 17.7  0.0  0.1  3.6
d18 | W 89.3 26.7 37.4 21.4  0.0  0.3  3.5 | E 84.9 26.2 35.1 19.7  0.7  0.6  2.6 | U 81.5 32.0 26.5 17.7  0.0  0.1  5.2
d20 | W 89.3 20.8 42.9 21.0  0.0  0.6  4.0 | E 84.9 20.4 40.5 19.0  0.9  0.9  3.2 | U 81.5 32.0 27.7 17.6  0.0  0.1  4.1
d22 | W 89.3 15.1 48.4 20.3  0.1  0.8  4.7 | E 84.9 13.0 47.3 18.6  0.9  1.1  4.1 | U 81.5 20.0 38.7 17.6  0.0  0.2  5.1
d24 | W 89.3 11.3 51.8 19.6  0.1  1.6  5.0 | E 84.9  9.5 50.1 18.0  0.9  2.1  4.4 | U 81.5 13.0 45.2 17.5  0.0  0.2  5.6
d26 | W 89.3  8.2 53.6 18.3  0.2  2.1  6.9 | E 84.9  6.7 51.4 16.7  1.1  2.6  6.5 | U 81.5 13.0 44.5 17.5  0.0  0.3  6.3
d28 | W 89.3  5.7 26.4 17.0  1.2  4.8 34.1 | E 84.9  4.9 24.5 15.5  2.0  4.7 33.3 | U 81.5  1.8 15.5 17.4  0.1 12.6 34.1
