381 seats, shops among the first 4
shop            cnt    n  win%  margin |  WHEAT  CARRO  TOMAT  STRAW    EGG   MILK   WOOL  MELON  FERTI   hire   anim   seed
BAKERY            0  219    27   -5681 |  -5862  -1781   -719   -997  -3827   -636   +236  +6152   -608   +924   +958   +480
BAKERY            1  126    27   -6065 |  -5994  -1979  -2455  -1179  -5270  +1306   -595  +6171   -440  +1448   +987   +696
BAKERY            2   36    28   -6167 |  -5689  -1250   -983  -1561  -8675  +2178   +653  +5667   -942  +1393   +994   +604
BRUNCH_SPOT       0  222    27   -6209 |  -6489  -1809  -1019  -1593  -4435   -167    +74  +6231   -707  +1222  +1079   +592
BRUNCH_SPOT       1  127    24   -5916 |  -5466  -1766  -1622   -751  -5085   +542    -78  +6111   -465  +1058   +856   +498
BRUNCH_SPOT       2   32    41   -3139 |  -3412  -1824  -2181   +809  -5755  +2250   -198  +5297   -207   +912   +678   +618
FARMERS_MARKET    0  234    28   -5800 |  -4563  -1517  -2253  -1347  -5045   -169   +407  +6209   -915  +1040  +1150   +519
FARMERS_MARKET    1  117    26   -5667 |  -7165  -1903   -134   -899  -4798  +1007   -563  +5976   -351  +1354   +789   +609
FARMERS_MARKET    2   30    23   -7002 | -11260  -3556  +1363    -93  -2415   +842   -968  +5887  +1086  +1100   +287   +725
ICE_CREAM_SHOP    0  235    28   -5991 |  -6547  -1928  -1232   -843  -5044   +900   -244  +5976   -502  +1125   +991   +591
ICE_CREAM_SHOP    1  119    29   -4694 |  -5267  -1797  -1978  -1103  -4516   +537   +263  +6416   -566  +1387   +921   +607
ICE_CREAM_SHOP    2   27    11   -9774 |  -2904   -646   +850  -3470  -3398  -6360   +971  +5965  -1380   +199  +1019   +122
PET_CAFE          0  238    30   -4929 |  -5115  -1586   -970   -699  -4944    -55   +419  +6104   -726   +926  +1059   +457
PET_CAFE          1  117    22   -6932 |  -6694  -1846  -2564  -1760  -4437   +875   -433  +6233   -264  +1463   +798   +739
PET_CAFE          2   26    19   -9465 |  -9351  -3503  +1111  -1955  -4557   +554  -1875  +5649   -730  +1665   +942   +738
PIZZA_SHOP        0  219    25   -6628 |  -5813  -1774   -831  -1074  -4944   +217   -328  +6136   -491   +831   +796   +501
PIZZA_SHOP        1  128    29   -5088 |  -5726  -2088  -2546  -1425  -4688  +1028   +374  +6005   -532  +1537  +1104   +744
PIZZA_SHOP        2   34    35   -3750 |  -6993   -842   +171   -159  -3868  -2220   +708  +6366  -1379  +1646  +1597   +281
SMOOTHIE_SHOP     0  229    24   -6147 |  -7047  -1890   -673   -901  -5284   +601   +430  +5983   -581  +1131   +922   +550
SMOOTHIE_SHOP     1  111    32   -4503 |  -4652  -1878  -2166   -774  -3949   +439   -601  +6378   -515  +1225  +1041   +588
SMOOTHIE_SHOP     2   41    27   -7875 |  -2772  -1052  -2623  -3195  -4049  -2017   -769  +6115   -788   +972  +1054   +567
YARN_STORE        0  215    27   -6652 |  -5992  -1918  -1542  -1697  -4454   +373   -680  +6036   -258  +1399   +671   +684
YARN_STORE        1  134    28   -4327 |  -5544  -1715  -1181   -423  -5342    -74   +303  +6102  -1020  +1492  +1587   +502
YARN_STORE        2   32    25   -6880 |  -6643  -1322   -385    -48  -4408  +1042  +3305  +6671   -947  -2057   +409     +2
OLS margin ~ shop counts: const=-3413(3414) BAKERY=-1025(1219) BRUNCH_SPOT=+167(1323) FARMERS_MARKET=-679(1293) ICE_CREAM_SHOP=-1306(1296) PET_CAFE=-2322(1321) PIZZA_SHOP=+710(1276) SMOOTHIE_SHOP=-727(1193) YARN_STORE=-0(12560)
