114105275
114104012
114101211
114090450
114087572
114124248
114112608
114140228
114138742
114135812
114134830
114131400
114126969
114124078
114144625
114141486
114148051
114146093
114172655
114168242
114168197
114164923
114155860
114156469
114201684
114200639
114194128
114207150
114204463
114210116
114245968
114242924
114238571
114237021
114225199
114223714
114219263
114216261
114213490
114214836
114214798
114210386
114198545
114272349
114302174
114308842
114339339
114329944
114368539
114361251
114359644
114390428
114382296
114378786
114372135
114411481
114407687
114400637
114404805
114417857
114422327
114427030
114463056
114461584
114478870
114475920
114473731
114468598
114465600
