114080200
114089017
114096413
114101211
114106738
114111134
114115543
114118488
114122584
114125675
114128463
114131400
114134830
114138742
114142868
114146298
114148782
114155860
114160830
114165265
114169977
114194111
114198545
114201631
114205931
114210386
114216230
114220741
114229417
114234076
114239965
114246748
114263527
114288412
114301565
114314522
114329944
114343350
114355301
114364276
114372135
114381672
114390428
114404805
114417857
114447372
114458272
114463056
114466414
114471539
114475962
