114080200
114081689
114083153
114085025
114087572
114089017
114089546
114090450
114093182
114094953
114096413
114097863
114099318
114099948
114100800
114101211
114102301
114104012
114105275
114106360
114106738
114107857
114108211
114109329
114109667
114111134
114112250
114112608
114113727
114114074
114115543
114115976
114116667
114117025
114118163
114118488
114119616
114119954
114121099
114121427
114122584
114122867
114124078
114124248
114125418
114125675
114126969
114127228
114127304
114127393
114128463
114128801
114129947
114130201
114130280
114131400
114131748
114132970
114132971
114134752
114134830
114135812
114136128
114137271
114137611
114138742
114139084
114140228
114141486
114141695
114142868
114143156
114144625
114144626
114146093
114146298
114147565
114147637
114147961
114148051
114148782
114150509
114151972
114153526
114154912
114155860
114156379
114156469
114157844
114159591
114160830
114161014
114162311
114163920
114164923
114165265
114166756
114168197
114168242
114169711
114169977
114172655
114176785
114182830
114183807
114194111
114194128
114195604
114195691
114197072
114198545
114200004
114200639
114201397
114201478
114201631
114201684
114203231
114204463
114204983
114205931
114207150
114207419
114208878
114210116
114210386
114213490
114214798
114214836
114216208
114216230
114216261
114216408
114217783
114219263
114220741
114222251
114223714
114225199
114226682
114229417
114229841
114230795
114231126
114232503
114234076
114235544
114237021
114237031
114238571
114239965
114241404
114242924
114244388
114245968
114246748
114248621
114248660
114248708
114258813
114263527
114271958
114272349
114277848
114283109
114288412
114289337
114293993
114296860
114301335
114301565
114302174
114308344
114308842
114311057
114314522
114314568
114323303
114324797
114325766
114329944
114332187
114335030
114339339
114340138
114343350
114349528
114350688
114351107
114351113
114355301
114359529
114359644
114361251
114362670
114364276
114365384
114367003
114368407
114368539
114372135
114375766
114378786
114378817
114380258
114381672
114381726
114382296
114384061
114387350
114390428
114394480
114397444
114397571
114400637
114404805
114407687
114410861
114411481
114415177
114417857
114420246
114422327
114427030
114440925
114447372
114450938
114453878
114455421
114456795
114458272
114459735
114461203
114461584
114462671
114463056
114464142
114464730
114464807
114465600
114466414
114467092
114468598
114470062
114470475
114471539
114473017
114473731
114474472
114475920
114475962
114477414
114478870
