114084624
114085025
114074324
114127393
114122584
114119616
114072902
114115192
114115976
114113727
114146298
114071385
114151972
114148782
114070578
114069882
114068425
114066857
114065430
114063937
114062415
114060963
114059515
114058083
114056621
114055185
114081689
114041911
114080804
114076746
114108211
114106738
114100800
114080200
114093182
114091996
114089017
114078712
114086109
114110781
114109329
114107857
114106360
114104898
114103439
114101846
114100372
114079069
114101004
114100307
114098849
114097388
114095951
114094505
114093034
114078648
114136128
114131748
114077265
114127304
114121551
114118488
114117025