111016701
111016709
111017919
111017921
111017922
111017932
111017933
111017943
111017945
111019735
111021281
111021282
111021287
111021289
111023079
111023080
111023087
111023094
111023095
111023102
111024458
111025539
111026473
111026476
111026481
111026482
111026483
111027816
111027821
111027829
111027830
111029735
111030832
111031244
111031245
111031246
111031251
111031252
111031254
111033076
111033086
111033093
111034126
111035146
111036531
111036532
111036533
111036534
111036540
111036541
111036543
111038490
111038506
111038507
111039564
111041913
111041914
111041921
111041922
111041925
111043338
111043963
111043965
111043966
111044397
111047335
111047337
111047339
111047341
111047344
111047346
111047349
111047350
111047352
111049494
111049805
111049808
111052856
111052861
111052862
111052864
111052865
111052866
111052868
111052870
111054249
111054839
111055012
111055260
111055262
111057048
111057164
111058336
111058339
111058341
111058342
111058344
111058348
111059691
111060533
111060732
111062856
111063979
111063983
111063986
111063988
111063991
111063998
111066217
111066350
111068513
111068517
111069606
111069610
111069611
111069612
111069616
111069617
111069672
111071825
111073941
111074055
111074057
111075160
111075165
111075166
111075167
111075170
111075179
111075906
111078142
111078151
111080399
111081491
111081494
111081497
111081501
111081503
111081677
111081678
111086937
111086939
111086940
111088080
111088082
111088085
111088087
111088091
111088092
111088093
111088172
111088174
111090525
111092725
111094588
111094589
111094590
111094592
111094596
111094600
111094601
111094645
111094649
111099051
111100318
111100324
111100328
111100331
111100333
111100340
111100368
111100372
111103396
111104718
111105937
111105938
111105939
111105943
111105944
111106631
111106637
111106658
111106662
111109021
111109085
111111103
111112261
111112356
111112357
111112375
111112475
111112482
111112541
111113051
111114360
111115294
111115521
111115543
111116414
111117528
111118620
111118856
111118865
111118870
111118922
111118962
111118966
111119736
111119911
111120237
111120848
111121309
111121974
111122116
111122117
111123076
111124172
111125275
111125279
111125455
111125463
111125464
111125488
111125513
111125514
111126396
111126511
111127902
111128780
111128800
111129015
111129847
111132072
111132080
111132096
111132117
111132120
111132122
111133151
111135363
111135410
111135413
111135459
111138666
111138698
111138700
111138701
111141928
111141967
111141969
111141971
111142012
111142020
111145220
111145223
111145227
111145244
111145245
111145246
111145249
111147779
111148538
111148567
111150783
111151866
111151880
111151881
111151882
111151886
111153156
111154262
111155144
111155146
111155166
111155167
111158472
111158480
111158490
111158491
111158492
111158494
111160825
111161830
111161839
111165121
111165125
111165126
111165127
111165128
111167289
111167393
111167394
111167402
111168437
111168442
111171752
111171753
111171755
111171756
111171757
111172922
111172957
111174065
111174066
111178436
111178438
111178441
111178444
111178445
111178446
111178449
111179634
111180705
111180709
111180710
111180711
111184071
111185121
111185122
111185128
111185130
111185131
111185134
111185135
111185139
111185141
111186225
111186265
111187415
111187417
111188498
111190730
111191802
111191809
111191810
111191815
111191816
111191817
111192933
111194072
111194075
111195170
111195171
111197349
111198431
111198433
111198434
111198439
111199570
111199572
111200698
111201789
111201792
111204009
111205133
111205145
111205146
111205149
111205152
111206261
111207386
111207387
111208478
111208494
111211798
111211799
111212585
111212590
111212591
111212592
111212594
111213716
111213731
111214842
111215924
111218328
111219256
111219426
111219428
111219431
111219441
111219442
111225041
111225043
111226094
111226095
111226102
111226104
111226105
111226106
111226107
111226108
111226109
111228323
111229455
111232339
111233595
111233596
111233599
111233602
111233603
111233606
111233607
111233608
111233612
111234545
111236812
111237940
111240295
111240296
111240298
111240300
111240302
111240305
111240306
111242541
111243614
111244729
111246967
111246969
111246971
111246975
111246976
111246978
111247982
111249205
111250325
111251437
111253697
111253699
111253702
111253706
111254727
111254769
111256933
111257063
111258185
111258189
111261238
111261239
111261240
111261490
111261524
111262196
111263713
111264577
111265518
111265694
111266772
111267049
111267916
111268076
111268077
111268080
111269029
111269184
111271261
111271484
111273388
111275701
111275704
111275706
111276785
111277885
111278997
111280254
111282498
111282502
111282508
111283560
111283602
111285086
111285424
111286974
111287854
111290130
111290135
111291196
111292446
111292451
111292508
111294311
111294488
111294489
111294701
111294703
111297779
111298075
111299899
111300092
111302226
111302326
111302327
111304717
111305672
111307796
111310042
111310043
111310044
111312373
111312376
111313379
111316857
111317967
111318680
111319790
111319918
111320151
111320909
111322010
111323247
111324326
111324327
111325721
111326714
111326847
111328923
111331141
111331142
111331143
111332204
111332377
111334237
111334238
111334242
111335528
111336615
111337701
111337703
111340853
111340854
111342022
111342024
111343102
111344188
111344189
111346610
111346611
111347724
111348861
111348869
111349939
111349940
111352932
111354156
111355162
111355516
111355543
111358686
111358690
111359572
111359907
111360928
111360929
111361753
111362862
111364194
111364196
111364197
111365147
111365363
111366444
111367341
111367342
111369662
111369667
111369668
111370693
111370820
111371904
111372848
111375082
111375084
111375085
111375086
111375087
111376217
111377285
111378232
111378251
111380436
111380439
111380440
111380441
111380442
111381657
111381767
111381804
111383034
111385165
111385166
111385167
111385168
111385169
111386991
111386994
111387544
111389755
111389756
111389758
111391464
111391674
111391676
111391695
111392606
111394769
111394770
111394775
111394781
111396194
111396202
111396216
111397188
111399346
111400657
111400658
111400667
111400668
111400682
111400684
111401657
111402752
111403520
111405143
111405144
111405146
111405147
111405155
111405171
111405173
111406156
111408179
111409593
111409594
111409597
111409599
111409609
111409622
111409623