111810488
111811419
111811519
111813885
111813886
111813888
111815047
111815049
111815050
111815054
111815056
111815057
111815058
111819427
111819428
111820573
111820574
111820576
111820578
111820579
111820581
111820582
111821909
111821921
111822443
111822657
111824704
111824987
111824988
111824989
111825820
111826135
111826141
111826144
111826937
111827414
111827563
111828068
111830298
111831421
111831700
111831701
111831705
111831709
111831711
111831715
111832062
111832552
111833165
111833701
111834812
111835949
111837082
111837324
111837329
111837331
111837333
111837592
111838204
111838696
111839325
111839710
111840460
111841588
111841868
111841961
111842705
111842984
111842993
111843183
111843832
111844040
111844288
111844988
111845320
111847412
111848696
111848850
111849708
111849986
111850888
111850889
111851061
111852794
111853226
111855523
111856455
111856706
111856709
111857570
111857571
111858394
111859569
111860954
111861825
111862309
111863200
111864086
111864214
111864215
111864216
111864221
111865313
111866660
111867918
111868896
111870192
111870193
111870194
111870197
111870948
111873314
111875598
111875604
111876816
111876817
111876822
111880066
111882324
111882329
111882331
111883527
111883530
111886790
111886826
111886830
111889112
111889114
111889117
111890292
111890297
111890299
111890300
111893592
111895856
111895861
111896997
111896998
111897000
111897001
111898091
111899934
111900385
111901076
111902209
111902680
111903332
111903844
111903845
111903847
111903848
111904462
111905598
111906745
111907260
111907756
111908300
111908972
111909022
111910148
111910412
111911235
111911278
111911570
111912376
111912414
111913538
111913540
111913987
111914634
111914676
111914686
111914974
111915785
111915821
111916930
111916965
111916971
111917373
111918050
111918132
111919203
111919240
111919382
111919383
111920319
111920350
111921450
111921496
111921722
111922604
111922617
111922792
111923706
111923787
111925087
111925253
111925754
111926322
111927090
111927190
111927191
111928231
111929233
111930867
111931993
111932964
111933074
111935140
111935159
111935365
111938603
111938628
111939692
111940707
111940708
111942997
111943074
111943076
111946154
111946168
111948590
111950709
111950942
111950972
111950983
111951661
111953889
111954314
111954320
111955015
111956627
111957345
111958489
111958811
111958887
111958927
111961859
111962284
111963294
111964484
111964485
111966366
111966777
111968638
111970155
111971200
111971201
111972074
111972353
111973193
111974335
111975688
111976564
111976713
111977981
111979039
111979934
111980188
111981201
111983708
111985701
111986802
111986803
111987053
111987939
111988195
111991525
111992638
111993701
111993702
111993705
111994929
111998230
111999281
111999369
112000440
112000445
112000447
112001627
112005996
112006068
112007155
112007157
112007159
112007160
112007161
112007163
112008349
112012255
112013399
112013843
112013849
112013850
112013851
112013853
112013854
112015663
112019069
112020189
112020551
112020552
112020553
112020554
112020555
112020556
112020557
112021321
112022460
112023984
112024710
112027265
112027267
112027268
112027269
112027271
112027272
112029267
112031530
112032660
112034065
112034066
112034067
112034069
112034070
112034939
112036070
112037225
112038346
112038681
112039479
112040882
112040884
112041947
112044155
112045052
112046398
112047228
112047636
112047639
112047640
112048464
112048727
112048774
112049508
112049840
112050644
112050728
112051778
112051783
112052913
112053043
112054070
112054505
112054508
112055216
112055590
112055591
112055627
112056357
112056744
112057522
112058551
112058596
112059770
112059793
112060019
112060903
112061264
112061312
112062012
112062053
112062124
112062458
112062481
112062482
112064324
112065786
112067968
112068025
112069070
112069078
112069247
112069263
112069986
112071387
112074634
112075844
112076902
112077008
112077013
112077155
112078267
112078926
112079263
112079281
112080049
112083690
112084845
112084847
112084910
112085723
112086857
112087044
112087051
112087195
112089122
112090249
112090653
112091392
112091823
112092523
112092864
112093632
112093671
112094042
112094044
112094045
112094046
112094762
112095944
112097064
112099432
112099591
112100436
112100709
112101615
112101646
112101649
112101651
112101653
112102948
112106358
112106427
112107401
112107492
112108509
112108585
112109691
112109720
112113103
112113104
112113162
112114225
112115404
112115415
112116474
112119999
112120044
112120045
112120085
112121193
112122225
112122229
112122264
112123431
112126933
112126962
112126965
112128130
112129000
112129333
112130435
112130584
112130585
112134003
112134004
112134024
112134026
112134840
112136271
112136272
112138842
112140038
112140041
112140042
112140059
112140061
112140062
112140669
112141053
112141860
112142502
112143147
112143583
112144324
112145507
112146131
112146133
112146136
112146151
112146152
112146154
112146155
112146156
112146688
112147187
112147917
112149121
112149488
112149631
112150314
112150374
112150672
112151448
112151491
112152603
112152733
112152802
112152805
112152817
112152820
112152821
112153141
112153142
112153779
112154126
112154939
112155371
112156089
112157481
112158696
112158740
112158742
112158749
112158759
112158764
112159956
112161189
112163366
112164526
112164528
112164568
112164582
112164584
112164690
112166741
112166992
112166996
112169201
112169202
112170306
112170336
112170338
112170340
112170387
112170410
112171869
112172706
112174179
112174189
112175311
112175337
112175340
112175346
112176021
112176039
112177408
112178319
112179778
112180931
112180954
112180957
112180959
112181156
112181157
112181172
112181173
112181188
112183581
112187511
112187531
112187534
112187535
112187650
112187651
112187659
112187660
112187669
112193737
112193740
112193741
112193742
112194373
112194900
112194908
112194909
112194917
112195225
112200591
112200592
112200597
112200692
112201817
112201831
112202332
112203042
112206403
112206405
112206412
112207248
112207541
112207554
112207560
112208626
112208628
112208815
112208816
112212567
112212570
112212742
112212743
112212975
112212987
112213702
112214265
112218369
112218372
112218495
112218497