110624805
110624809
110624937
110624940
110624941
110624942
110624943
110624944
110624948
110624964
110624968
110629982
110629989
110630108
110630110
110630111
110630116
110630117
110630118
110630119
110630136
110630141
110630146
110630147
110630149
110633391
110634606
110634714
110634716
110634718
110634720
110634721
110634736
110634737
110634740
110634742
110634750
110635978
110639260
110639261
110639262
110639263
110639264
110639267
110639828
110639836
110639838
110639839
110641035
110644324
110644325
110644326
110644330
110644331
110644434
110644452
110644457
110644459
110644462
110644473
110644507
110645655
110648924
110648927
110648928
110648930
110648932
110648999
110649018
110649024
110649027
110649043
110649074
110649077
110654074
110654075
110654077
110654079
110654128
110654130
110654166
110654198
110654206
110654228
110654229
110654230
110654235
110654243
110658772
110658829
110658838
110658839
110658893
110659518
110659520
110659521
110659522
110659533
110661010
110663979
110664033
110664071
110664081
110664090
110664232
110664234
110664235
110664237
110664241
110664246
110664247
110664248
110666210
110668628
110668714
110669413
110669418
110669420
110669424
110669425
110669426
110670503
110670504
110670842
110673851
110673916
110674158
110674163
110674166
110674170
110674760
110674762
110675761
110679214
110679265
110679422
110679428
110679435
110679436
110679437
110679441
110679443
110679577
110679578
110679579
110679583
110680773
110684258
110684944
110684947
110685061
110685064
110685072
110685075
110685148
110685149
110689609
110690419
110690511
110690515
110690518
110690568
110690570
110690574
110690576
110690577
110690578
110690580
110691737
110694774
110694783
110694970
110695938
110695941
110695971
110695982
110695987
110695991
110697115
110699861
110699866
110700289
110701306
110701322
110701324
110701325
110701327
110701331
110701408
110701418
110701437
110705635
110705806
110706859
110706861
110706862
110706864
110706924
110706928
110706933
110706936
110706937
110711267
110711407
110711408
110712394
110712398
110712443
110712444
110712445
110712446
110712568
110712590
110712591
110712600
110715526
110717373
110717895
110717957
110717959
110717966
110718712
110718721
110718722
110718726
110718727
110721100
110723185
110723386
110723414
110723420
110723421
110724286
110724288
110724290
110724292
110726646
110728806
110728807
110729659
110729664
110729666
110729880
110729886
110729888
110729890
110729898
110735210
110735482
110735485
110735486
110736239
110736241
110736411
110736581
110738784
110740718
110740792
110741714
110741715
110741870
110741871
110741873
110742842
110742843
110743017
110747278
110748260
110748261
110748370
110748372
110749385
110749386
110749391
110749433
110749438
110754532
110754548
110755008
110755015
110755022
110755037
110756045
110756046
110756075
110756077
110756078
110756080
110761433
110761437
110761458
110761555
110761560
110762590
110762591
110762617
110762618
110762619
110762621
110762669
110768104
110768188
110768192
110768194
110769227
110769243
110769244
110769246
110769247
110769257
110769285
110774688
110774738
110774740
110775809
110775822
110775823
110775826
110775855
110775856
110781287
110781289
110781323
110781324
110781325
110782381
110782383
110782388
110782408
110782411
110787897
110787921
110787922
110787923
110787924
110788998
110789021
110794443
110794458
110794460
110794461
110794462
110794463
110795513
110795523
110795558
110797624
110800960
110800979
110800989
110800991
110802018
110802026
110802051
110803105
110804134
110807592
110807611
110807612
110807613
110807614
110808765
110808771
110808775
110808776
110808783
110814279
110814289
110814294
110814296
110814297
110815369
110815376
110817471
110817474
110820755
110820756
110820763
110820765
110820767
110820768
110820769
110820771
110821847
110824032
110824033
110827335
110827336
110827338
110827343
110827346
110827368
110830331
110833935
110833936
110833937
110833942
110833943
110833944
110833954
110833955
110835045
110835049
110840539
110840541
110840542
110840547
110840548
110840553
110840554
110841642
110847157
110847159
110847163
110847164
110847167
110847168
110847169
110853710
110853712
110853714
110853718
110853719
110853720
110854748
110858065
110860276
110860277
110860280
110860283
110860285
110860286
110860287
110860288
110860289
110860291
110865893
110866886
110866889
110866895
110866896
110866897
110866899
110866900
110870116
110871338
110871339
110873562
110873564
110873570
110873572
110873573
110876762
110877927
110880100
110880103
110880114
110880115
110880118
110882129
110884306
110884479
110886706
110886707
110886710
110886718
110886721
110886724
110890948
110890949
110894053
110894055
110894057
110894059
110894064
110894065
110894066
110894067
110897539
110898688
110900752
110900753
110900754
110900763
110900765
110900768
110900769
110900772
110907371
110907372
110907373
110907379
110907386
110907387
110907392
110910696
110913895
110913896
110913897
110913904
110913913
110913914
110913916
110913920
110920452
110920455
110920456
110920464
110920465
110920468
110920471
110920473
110923295
110926948
110926949
110926951
110926962
110926964
110926966
110926969
110928064
110928876
110929374
110929975
110932174
110932461
110932484
110932490
110932686
110932692
110932720
110936547
110938064
110938073
110938076
110938081
110938909
110938921
110938990
110943566
110943572
110943578
110944485
110944497
110944500
110944501
110948948
110948953
110949915
110949917
110949929
110949930
110949933
110950812
110952028
110954233
110955201
110955210
110955211
110955212
110955213
110955222
110955540
110957361
110959567
110959957
110959967
110959968
110959975
110960786
110962144
110962146
110964284
110965196
110965206
110965212
110965215
110966190
110966193
110967478
110967479
110969650
110969651
110970609
110970621
110970627
110970979
110970983
110972778
110974876
110975288
110975296
110976135
110976136
110976140
110979592
110980443
110980785
110980786
110980787
110982543
110984730
110985116
110985120
110985134
110985891
110985892
110985900
110989428
110990227
110990563
110990564
110990566
110990568
110993875
110995005
110995006
110995007
110995009
110995013
110995025
110998284
110998286
110999983
110999994
111000003
111000024
111003255
111004499
111004504
111004505
111004511
111004512
111004522
111007735
111007745
111008941
111008951
111008955
111012214
111012221
111013367
111013370
111013382
111013388
111014633