113908167
113908218
113911222
113911253
113911257
113911267
113911270
113911271
113911272
113911274
113911276
113911279
113913948
113914643
113915198
113915224
113917697
113917703
113917704
113917705
113917708
113917713
113917717
113920428
113921726
113922798
113923002
113923984
113924289
113924293
113924296
113924298
113924301
113924302
113924303
113924304
113926597
113928363
113929124
113929598
113929599
113930732
113930888
113930889
113930890
113930893
113930895
113930898
113930901
113933108
113935745
113937056
113937397
113937399
113937406
113937424
113937467
113937468
113937498
113937500
113937508
113937526
113938375
113939686
113941551
113942318
113943648
113943958
113943959
113944008
113944045
113944052
113944054
113944056
113944967
113946289
113946460
113947612
113949365
113950523
113950529
113950573
113950605
113950608
113950609
113953050
113953095
113955909
113955912
113957149
113957186
113957215
113957216
113959718
113962525
113962528
113963510
113963511
113963514
113963858
113964674
113966431
113967319
113968653
113969983
113970139
113970141
113970163
113970418
113970423
113970425
113970426
113971301
113975652
113976995
113978085
113978086
113978087
113978088
113978089
113978091
113978094
113978231
113979171
113980502
113981752
113983150
113985941
113985942
113985943
113985944
113985949
113985951
113986014
113986015
113986114
113988881
113990156
113993850
113993851
113993853
113993854
113993858
113993899
113993900
113993901
113994009
114001722
114001728
114001729
114001731
114001736
114001766
114001769
114001770
114001935
114008619
114008623
114009306
114009592
114009672
114009727
114009818
114009886
114010657
114012059
114014667
114016153
114016188
114016403
114016444
114017427
114017662
114017765
114017772
114017822
114018652
114020099
114021391
114022531
114024130
114024319
114024369
114024564
114024569
114025527
114025871
114025890
114025938
114027070
114027228
114028326
114029949
114031332
114032773
114033037
114033071
114033169
114033175
114034324
114034493
114034603
114035551
114035792
114035810
114036999
114041780
114041783
114042815
114043018
114043022
114044404
114044589
114044630
114044633
114045697
114046016
114051650
114051654
114051832
114051833
114051835
114051836
114052944
114053054
114054546
114054734
114055876
114057343
114058864
114058933
114061795
114061801
114061875
114061877
114061878
114062073
114064714
114064716
114068856
114069216
114072038
114072072
114072081
114072167
114072168
114075091
114079377
114079487
114082330
114082349
114082355
114082356
114082406
114085300
114089607
114089667
114092599
114092609
114092610
114092612
114092613
114092617
114092643
114095493
114099933
114102857
114102866
114102867
114102868
114102869
114102871
114102872
114102891
114105788
114109973
114111470
114114356
114114360
114114361
114114364
114114366
114114368
114114382
114114404
114114528
114121204
114123163
114124128
114126076
114126077
114126078
114126083
114126094
114126133
114127085
114130039
114131495
114133127
114134613
114134929
114135895
114136257
114137365
114137771
114137772
114137774
114137777
114137888
114138836
114140294
114141761
114143223
114144695
114146178
114146522
114147635
114148925
114149441
114150584
114152042
114152048
114152427
114153424
114153623
114154983
114154989
114156236
114157719
114158240
114158294
114159009
114159421
114160868
114160879
114161170
114162340
114162351
114162360
114162717
114163421
114163695
114165311
114165369
114166754
114166771
114166777
114167015
114167035
114168255
114168262
114169724
114169727
114169731
114171193
114171200
114172690
114173568
114173722
114174350
114182507
114182811
114184570
114185978
114186000
114186003
114186102
114193318
114194774
114195825
114196284
114197296
114197706
114197712
114197713
114197764
114198770
114202928
114204677
114205013
114205016
114206152
114206483
114207620
114209088
114209372
114209376
114209381
114209414
114210575
114210859
114212024
114213552
114216486
114217755
114219432
114219649
114220936
114222435
114222504
114222506
114222518
114223649
114225156
114226646
114226948
114228128
114228144
114229741
114231069
114232551
114232587
114234026
114234070
114235502
114235548
114236970
114237171
114237172
114238381
114238421
114239923
114241397
114241638
114241656
114242847
114244331
114244359
114245805
114245820
114247273
114248755
114248788
114250216
114250345
114251685
114253158
114257580
114257585
114257698
114259167
114259211
114260287
114260627
114265033
114266440
114267646
114267880
114273501
114273690
114274968
114276439
114276717
114277892
114279139
114279313
114279377
114279609
114280858
114282257
114283718
114285039
114286495
114286812
114287962
114289449
114290955
114292386
114292581
114292697
114293856
114295063
114296398
114298278
114299508
114299751
114302417
114302683
114303888
114304518
114305631
114306854
114307110
114307333
114308322
114308580
114309768
114310017
114310214
114311262
114311508
114312735
114314080
114314211
114315678
114317233
114318607
114320086
114320525
114320527
114321585
114321909
114323031
114324491
114324751
114325958
114327425
114328894
114330357
114330617
114331804
114332039
114332041
114333280
114334792
114336246
114336541
114339404
114343665
114345095
114345097
114345216
114347639
114348036
114348037
114352020
114352126
114352586
114353798
114355507
114357852
114357893
114359345
114359693
114359714
114359775
114359911
114360816
114361207
114361234
114362279
114363758
114365228
114366675
114366677
114367177
114368124
114368179
114368376
114368506
114368507
114368508
114368510
114369589
114369600
114369868
114371036
114371049
114371247
114375721
114375740
114375741
114375746
114377035
114377045
114377136
114378457
114378509
114379953
114382929
114384264
114384265
114384332
114385717
114385721
114387162
114390105
114390373
114390438
114390460
114390480
114391863
114393325
114397416
114397452
114397478
114398909
114398914
114400375
114400377
114404750
114404767
114405981
114406100
114406103
114407535
114407537
114410740
114410819
114410828
114410835
114412168
114413614
114413615
114417825
114417828
114417834
114418019
114418186