111412741
111414734
111414736
111414737
111414741
111414742
111414748
111414755
111414767
111414769
111414770
111417434
111419532
111419537
111419540
111419543
111419545
111419554
111419559
111419560
111419561
111419564
111421613
111422725
111424860
111424866
111424870
111424871
111424876
111424879
111424882
111424886
111424887
111424888
111427996
111428019
111428176
111430317
111430318
111430325
111430326
111430331
111430335
111430336
111430337
111430339
111430346
111432938
111435163
111435167
111435168
111435174
111435177
111435189
111435191
111435192
111435821
111438310
111440605
111440606
111440613
111440618
111440627
111440628
111440630
111440631
111443797
111446106
111446109
111446113
111446116
111446118
111446125
111446126
111446129
111446131
111446135
111446139
111449360
111451680
111451682
111451686
111451687
111451695
111451704
111454937
111457277
111457279
111457280
111457286
111457288
111457289
111457295
111457296
111457299
111458333
111458996
111460665
111461246
111462353
111463658
111463662
111463663
111463667
111463669
111463672
111463675
111463679
111463681
111464782
111466834
111467098
111467953
111469056
111469530
111469532
111469536
111469537
111469544
111469548
111469951
111471313
111472430
111475104
111476056
111476063
111476070
111476076
111476119
111480597
111481549
111481552
111482553
111482556
111482559
111482577
111483882
111484811
111487069
111488017
111488348
111488356
111488379
111488380
111490412
111490429
111492761
111493754
111493960
111493961
111493972
111494658
111494668
111495993
111496081
111499460
111499461
111500305
111500308
111500309
111500320
111500322
111500477
111501679
111502447
111502452
111504553
111505677
111505857
111505863
111506120
111506122
111506123
111506132
111508292
111508298
111511676
111511680
111512535
111512537
111512539
111512541
111512755
111514793
111514798
111516989
111518210
111518211
111519182
111519184
111519186
111520462
111521455
111523635
111523636
111524824
111524825
111524826
111524828
111524830
111525847
111525850
111525924
111531463
111531465
111531466
111531467
111531468
111531475
111532519
111532524
111532525
111532579
111533709
111533747
111537314
111538158
111538159
111538162
111538163
111539280
111539286
111540496
111540497
111543895
111543899
111544886
111544888
111545983
111547146
111547147
111547152
111547776
111550040
111550540
111550554
111551561
111551562
111551566
111552260
111552639
111552669
111553996
111555640
111556754
111557260
111557262
111557270
111558323
111558324
111558327
111558333
111558991
111559443
111559455
111559457
111559458
111561205
111561234
111561434
111561615
111562345
111563936
111564593
111565034
111565038
111565039
111565692
111565707
111566067
111566135
111566141
111566809
111566826
111567945
111567956
111568218
111568309
111569073
111569302
111570198
111570578
111571315
111571324
111571687
111572768
111572769
111573585
111573724
111574712
111574912
111574975
111575955
111577075
111577253
111577256
111578056
111578349
111578434
111579263
111579475
111580519
111580650
111581682
111581729
111581730
111583974
111583977
111584987
111585071
111586228
111586230
111588361
111588392
111588394
111589331
111590642
111590647
111591377
111591384
111591740
111592507
111592830
111592875
111593960
111594992
111595014
111597202
111597204
111597404
111598243
111598280
111598282
111598505
111599429
111600494
111601790
111603800
111603801
111603805
111604881
111604899
111604901
111605010
111605012
111606047
111608217
111608299
111609373
111609646
111610427
111610429
111610432
111611530
111611532
111611534
111611608
111612671
111614933
111616202
111617133
111617135
111617136
111618250
111618252
111618294
111618297
111618298
111618299
111622856
111623867
111623870
111624967
111624998
111625002
111625003
111625006
111626127
111629513
111630549
111630551
111630557
111631683
111631686
111631688
111631689
111632828
111636202
111636207
111637303
111637307
111638537
111638538
111638545
111639696
111643049
111643056
111644135
111644136
111645359
111646143
111646154
111648674
111650642
111650651
111650652
111651793
111652959
111653122
111653131
111658613
111658626
111658628
111658629
111658630
111659856
111660965
111661024
111661031
111666564
111666566
111666578
111666598
111667758
111667762
111668292
111668832
111671713
111675378
111675396
111675397
111676297
111676523
111676608
111676611
111677381
111680740
111681870
111681882
111682884
111683125
111683434
111683453
111684059
111684157
111684428
111684507
111685264
111685419
111685644
111686391
111686431
111687896
111688445
111688826
111689755
111689760
111691231
111692008
111692240
111692887
111693157
111693200
111693254
111693404
111694325
111694496
111698982
111701085
111701126
111701137
111701156
111702298
111706743
111708849
111708965
111709004
111709115
111710081
111710083
111711360
111714468
111715830
111716662
111716698
111716977
111716980
111716989
111722552
111722555
111723537
111723557
111724467
111724482
111727946
111729121
111729124
111730163
111730164
111730165
111731140
111734585
111734589
111735693
111735696
111735697
111736716
111736735
111737043
111737044
111740349
111741386
111741389
111741390
111742407
111743272
111743274
111743276
111745848
111746902
111746903
111746904
111747912
111747935
111747949
111748629
111748889
111748892
111752408
111752410
111752412
111752415
111752430
111753467
111753468
111753803
111757600
111757910
111757911
111757912
111757913
111757914
111757916
111757917
111758971
111758979
111758980
111759211
111759856
111761451
111763411
111763412
111763413
111763416
111763814
111764331
111764469
111764471
111764474
111764476
111764662
111765479
111766599
111768261
111768263
111768267
111769362
111769364
111770116
111770439
111773652
111773653
111773655
111774763
111774767
111774770
111775847
111775848
111775865
111779049
111779051
111779052
111779053
111779055
111780133
111780140
111780148
111781217
111781218
111783834
111783836
111783838
111784949
111784950
111784956
111784958
111786059
111789166
111789167
111790254
111790255
111790262
111790267
111790268
111791590
111793871
111793872
111793873
111793874
111793876
111794430
111794955
111794956
111794968
111794969
111794970
111796794
111799088
111799089
111800175
111800176
111800178
111800181
111800184
111800185
111801552
111801574
111801575
111803827
111804924
111804925
111804930
111804931
111804936
111806249
111808458
111808460
111809534