114420390
114424098
114424099
114425431
114425441
114426415
114426952
114426956
114427890
114428152
114429354
114431007
114432316
114432591
114432896
114432897
114432898
114433787
114435342
114435344
114435346
114435562
114436723
114438260
114439647
114440133
114441109
114441428
114441518
114441534
114442569
114442996
114442998
114444056
114445546
114446990
114447367
114448465
114449942
114450098
114451418
114451649
114452923
114453315
114454345
114454767
114455809
114456025
114457279
114460348
114461926
114461927
114463381
114463513
114464732
114466053
114466199
114468701
114470653
114470716
114472244
114472248
114475068
114475088
114476483
114477937
114479500
114479550
114481018
114483925
114483939
114483941
114484824
114484869
114486298
114486300
114486820
114487758
114487780
114489531
114490718
114490720
114492185
114492188
114493649
114493658
114493955
114493956
114493965
114493967
114493969
114495102
114495114
114496597
114496603
114498057
114498069
114499545
114499546
114500885
114501151
114502494
114503890
114503939
114504197
114504200
114505445
114505521
114505545
114506815
114506889
114508313
114508365
114509775
114509819
114511269
114511295
114511519
114512749
114512789
114513125
114513166
114514221
114514242
114514254
114514401
114514402
114515554
114515688
114515704
114515716
114517136
114518625
114518667
114520452
114520455
114521436
114522921
114523300
114523301
114523302
114524209
114525694
114525859
114526128
114527357
114528672
114528838
114529076
114529217
114529218
114530127
114530278
114531598
114532096
114532100
114532106
114533086
114533230
114533413
114534533
114535029
114536000
114536406
114536467
114537462
114537918
114538928
114539384
114540434
114540924
114541886
114543391
114543705
114544879
114545273
114545309
114545310
114546354
114547665
114548035
114549470
114549712
114550783
114550964
114552267
114552640
114553748
114555226
114555378
114556269
114557011
114558174
114559666
114559902
114561161
114561303
114561306
114562640
114562765
114564168
114565764
114570003
114571556
114572987
114574425
114574460
114575910
114577467
114577488
114584478
114586108
114586122
114587573
114587583
114588615
114589079
114589082
114589089
114589090
114590073
114593414
114593415
114597412
114597789
114598894
114599233
114600738
114600741
114600742
114600744
114600746
114600748
114600750
114600874
114601868
114605174
114606301
114610776
114610879
114612657
114612658
114612659
114612661
114612664
114612666
114615231
114615591
114616629
114618154
114619646
114621113
114621223
114622400
114622599
114623870
114624074
114625521
114625875
114625876
114625877
114625878
114625880
114626948
114628637
114628818
114629946
114631417
114631500
114631661
114632764
114634367
114635848
114637181
114637336
114638557
114638619
114638818
114639022
114640065
114640377
114641776
114641964
114643260
114643400
114644771
114644891
114644892
114646235
114650309
114652090
114652112
114654926
114655044
114656277
114656640
114657764
114657931
114657932
114660700
114660946
114663857
114666245
114666722
114666741
114666745
114669212
114669674
114669676
114675588
114676627
114677056
114678511
114678520
114678522
114679594
114679949
114681040
114681451
114681454
114682545
114683899
114685471
114686977
114688448
114689919
114691423
114691594
114691778
114692910
114694385
114695854
114697338
114698792
114700266
114701751
114701873
114703234
114704540
114704546
114704570
114704804
114706171
114707663
114709231
114713641
114718092
114718095
114719480
114723834
114728268
114731245
114732703
114732704
114732705
114734160
114735626
114738637
114747402
114747403
114747405
114748882
114760400
114761534
114762853
114763349
114764503
114764704
114765552
114766065
114766362
114766388
114767333
114767565
114767913
114767963
114769039
114769051
114769113
114769260
114770501
114771930
114773313
114774626
114774950
114776182
114777706
114777746
114777961
114779055
114779431
114779551
114780576
114780888
114781002
114782308
114782421
114783830
114783914
114785325
114785369
114785473
114786640
114786911
114788165
114788262
114789643
114789734
114789919
114790935
114790953
114790999
114791429
114792647
114792733
114794035
114794180
114795728
114796861
114798622
114804583
114805910
114806874
114807456
114808980
114809028
114813274
114813308
114815914
114817368
114818889
114820307
114820318
114820650
114821763
114823034
114823060
114823311
114824432
114824481
114826156
114826194
114827828
114827916
114829129
114829173
114830605
114832069
114832102
114832297
114833391
114833664
114833755
114833791
114834651
114836462
114837855
114837995
114838145
114839385
114839406
114839547
114839605
114840688
114840841
114842335
114843587
114845092
114847865
114849688
114849722
114849751
114849752
114849920
114850966
114851355
114852769
114852775
114858508
114858547
114858615
114860091
114861546
114861547
114862438
114863896
114867878
114868300
114868369
114869420
114869876
114870889
114871309
114871310
114871311
114871441
114872407
114873922
114875456
114875882
114875995
114876043
114876962
114877517
114878458
114878955
114880078
114880354
114881328
114881599
114881687
114882796
114883166
114883248
114884262
114884665
114884667
114885742
114887319
114887845
114888920
114889102
114890497
114890898
114890953
114892264
114892265
114894047
114895582
114895620
114895622
114897120
114898462
114898689
114898690
114898699
114901571
114901906
114901923
114904886
114904890
114906212
114906215
114906222
114909425
114909446
114909451
114912906
114912908
114912910
114912915
114915894
114916282
114916286
114916287
114919697
114919698
114919699
114922525
114923029
114923031
114923036
114923037
114925462
114925957
114925958
114925959
114928493
114928896
114928904
114928905
114928911
114931463
114931812
114932005
114932007
114933019
114934901
114934903
114937559
114937614
114937618
114938100
114938213
114938214
114941411
114941413
114942826
114943085
114944627
114944874
114944968
114944969
114945024
114945082
114945148
114946515
114948842
114948847