113481761
113481778
113481962
113483150
113484489
113485760
113485765
113486577
113486881
113486891
113486892
113488903
113490195
113491416
113491631
113492517
113492525
113492527
113492530
113493968
113497168
113497325
113497327
113498333
113498335
113498341
113498342
113498343
113502907
113502908
113503017
113503347
113503350
113503353
113503355
113503361
113503363
113507960
113507961
113508052
113508987
113508988
113508989
113508993
113509000
113513515
113513519
113513730
113514646
113514647
113514650
113514656
113518645
113519434
113519748
113519751
113519756
113519759
113519761
113519762
113519765
113524349
113525271
113525470
113525471
113525477
113525482
113530127
113530891
113531117
113531118
113531265
113531266
113531275
113532009
113536988
113536992
113537103
113537105
113537110
113537111
113537115
113537398
113542920
113543001
113543006
113543008
113543010
113543011
113543013
113543206
113543803
113543885
113547380
113548972
113548978
113548979
113548980
113549726
113549871
113549994
113550012
113554846
113554848
113554851
113555449
113555840
113555926
113555940
113556626
113557031
113559164
113560159
113560629
113560711
113560712
113560713
113560715
113560717
113561815
113562525
113562834
113563715
113564886
113566206
113566238
113566249
113566551
113566641
113566650
113566652
113566660
113567496
113568433
113568804
113568874
113569608
113570794
113571199
113571974
113572376
113572379
113572382
113573160
113573320
113573323
113574344
113575516
113576601
113576854
113577176
113579143
113579145
113579388
113579407
113579410
113579411
113582957
113585358
113585379
113585381
113585383
113585384
113585388
113586122
113586424
113589474
113589902
113592105
113592106
113592107
113592108
113592109
113592278
113593090
113595745
113598181
113598184
113598187
113598241
113598246
113598248
113598250
113601431
113601613
113602414
113602660
113605053
113605170
113605180
113605201
113605297
113608803
113608845
113609850
113610717
113611898
113612092
113612093
113612106
113612113
113614279
113615457
113616641
113617744
113619038
113619306
113619312
113619322
113620504
113621589
113621652
113623209
113624027
113626617
113626620
113626705
113626747
113626750
113626776
113629111
113631226
113634591
113634604
113634828
113634861
113637101
113637102
113637103
113639666
113641992
113642005
113642006
113644309
113647727
113650166
113650182
113650183
113650195
113655904
113658223
113658224
113658238
113658239
113659577
113662513
113663930
113665356
113665362
113665374
113665376
113666020
113667211
113668503
113669582
113671930
113672434
113672441
113672443
113672447
113673142
113674309
113675478
113676654
113677839
113678989
113679426
113679432
113679435
113679436
113680198
113682589
113683900
113684025
113684954
113685174
113685842
113686131
113686451
113686462
113687151
113687318
113687501
113688509
113689725
113690728
113691007
113691086
113691890
113692083
113693069
113694255
113694739
113695420
113695428
113696620
113697810
113697818
113699010
113699234
113699449
113700195
113700612
113701371
113702548
113702806
113702945
113703716
113703720
113704888
113706110
113707287
113708491
113708668
113708822
113709444
113709674
113710858
113710926
113710997
113711055
113716848
113716850
113716932
113717056
113717877
113718271
113719430
113723546
113724847
113725039
113725040
113725041
113725160
113726039
113726055
113726340
113727227
113727401
113728682
113729640
113730824
113731881
113732006
113733283
113733286
113733287
113734383
113734520
113734523
113735476
113736663
113739202
113740421
113740423
113741645
113741646
113742515
113742796
113742820
113742826
113742878
113743687
113743892
113744879
113746148
113747352
113748445
113749710
113749713
113751027
113751049
113751093
113755789
113758112
113758152
113758197
113759098
113759330
113759355
113759359
113767484
113767659
113767660
113768670
113768684
113768697
113768699
113768701
113773025
113775889
113776841
113776843
113776845
113776851
113777055
113777060
113780192
113781287
113785097
113786199
113786200
113786202
113786262
113787172
113787430
113788337
113790698
113794277
113794458
113794459
113794460
113794461
113794463
113794465
113795546
113795577
113796229
113798739
113801224
113801228
113801614
113801617
113802775
113803750
113806441
113806969
113807139
113808391
113808860
113808862
113808863
113809631
113811111
113811115
113811245
113811313
113812132
113812601
113813176
113813379
113814823
113815824
113816290
113816296
113816982
113818208
113818611
113818664
113819629
113819980
113820729
113820982
113821970
113821979
113822144
113823220
113823244
113823617
113823622
113824475
113824484
113824632
113824750
113825730
113825738
113826078
113826113
113826982
113826995
113828218
113828219
113828460
113829463
113829489
113830725
113830726
113831015
113831129
113831971
113831990
113832150
113832168
113833218
113833227
113834472
113834475
113834892
113834952
113835715
113835719
113835981
113836962
113836969
113838152
113838197
113838342
113838343
113838524
113838558
113839455
113839509
113840712
113841061
113842279
113842392
113843475
113843638
113844749
113844850
113845946
113847155
113848555
113848556
113849727
113849821
113850991
113851061
113852193
113854793
113854798
113855986
113856065
113856936
113857200
113857202
113857277
113857284
113858379
113860891
113860898
113863291
113863292
113863293
113864467
113864468
113869417
113869418
113869420
113869422
113869476
113870640
113870641
113870642
113875303
113875577
113875579
113875580
113875583
113876795
113876799
113879034
113880520
113881716
113881717
113882763
113882937
113882939
113884557
113885255
113887864
113887873
113887874
113888267
113888298
113888303
113888306
113888307
113888311
113889526
113890702
113894230
113894231
113894232
113894235
113894238
113894241
113894261
113896602
113896603
113896689
113899566
113899569
113899570
113899571
113899592
113899593
113901993
113902053
113902988
113905605
113905606
113905612
113905622
113905623
113905626