114952666
114952705
114952752
114954458
114954459
114958650
114962898
114962899
114964740
114964847
114964868
114964870
114971035
114971036
114975124
114975129
114976921
114976926
114976940
114978680
114978700
114979076
114980630
114981002
114981077
114981264
114982742
114986750
114987103
114988763
114989040
114989042
114989043
114989276
114992750
114993092
114994729
114996729
114997247
114997255
114998714
114999072
114999236
115000641
115000916
115000917
115000918
115001045
115004079
115004458
115004803
115006737
115008657
115010874
115010875
115010893
115012825
115012827
115014321
115017939
115018155
115018375
115021476
115023268
115023458
115023459
115023565
115025049
115025305
115025308
115026818
115026825
115028677
115030470
115030695
115030725
115030727
115031949
115032284
115033933
115035919
115035931
115035934
115037591
115037702
115039172
115039377
115040947
115042971
115044172
115044451
115046036
115047711
115049536
115049614
115050849
115050864
115051367
115051413
115052778
115053012
115054244
115054699
115055895
115056436
115057869
115057871
115065192
115068076
115069771
115072974
115073379
115074912
115076343
115078190
115078356
115083176
115086109
115087759
115088074
115088075
115089448
115089694
115094334
115094668
115095979
115099297
115102818
115104492
115105893
115110758
115111015
115114184
115114358
115115843
115117097
115119073
115120639
115120669
115122159
115123875
115125553
115125639
115128820
115130452
115130538
115132067
115132180
115133674
115135102
115138484
115138494
115139855
115144570
115147070
115150027
115151604
115152997
115154422
115155831
115157221
115158614
115160004
115161550
115162799
115162897
115164210
115164293
115165607
115165672
115167006
115168396
115169771
115171234
115171259
115172195
115172593
115174979
115177763
115180516
115180953
115182321
115183642
115185187
115192129
115193135
115193459
115194528
115194967
115195927
115197336
115197740
115199050
115200453
115201365
115202407
115202808
115202949
115203848
115204185
115205250
115206666
115207379
115208060
115208715
115209468
115209806
115210298
115210882
115210980
115211098
115212283
115212306
115212387
115212634
115213686
115213779
115215036
115215114
115215192
115215432
115215736
115216517
115216536
115216614
115216882
115217020
115217998
115218080
115218164
115218290
115218496
115218536
115219314
115219340
115219420
115219512
115219908
115220720
115220831
115222143
115222158
115222283
115222827
115223558
115223706
115223964
115224906
115224932
115224969
115225097
115226433
115226508
115226515
115226627
115226969
115227814
115227847
115227951
115229226
115229259
115229358
115229381
115229664
115229769
115229770
115230633
115230811
115232050
115232083
115232164
115232238
115233447
115233490
115233498
115233599
115234840
115234884
115235156
115235217
115235218
115236260
115236369
115237659
115237730
115239077
115239123
115239548
115239560
115239638
115240476
115240647
115240648
115240649
115240932
115241004
115241883
115242338
115243292
115244693
115244884
115244980
115245144
115245148
115245152
115246101
115247529
115247710
115247936
115248992
115249381
115249440
115249443
115250599
115250600
115253343
115253360
115253369
115253606
115254799
115254843
115254849
115254991
115255898
115256070
115256071
115257299
115258808
115258849
115258986
115260279
115260301
115260305
115260567
115260586
115261675
115261682
115263381
115263406
115264513
115265866
115266198
115267238
115267244
115269877
115270122
115270123
115271493
115271672
115271691
115272564
115272992
115273972
115274384
115274441
115275275
115275276
115277277
115278664
115278782
115281487
115281488
115281501
115282726
115283025
115284419
115286997
115287175
115287187
115287197
115288600
115289849
115292790
115293906
115294027
115294104
115294120
115294132
115294141
115294965
115295507
115296878
115299816
115300665
115301209
115302687
115303503
115303964
115303986
115303987
115306537
115306884
115310596
115310917
115311099
115311113
115311888
115313377
115313760
115314770
115315988
115316101
115317597
115317981
115318083
115318940
115320439
115321748
115321847
115323250
115324670
115324871
115325008
115325089
115325930
115326039
115327354
115327451
115328766
115328869
115330282
115330374
115331767
115331855
115332142
115332163
115333212
115333282
115333464
115334414
115334476
115336092
115336155
115337524
115337644
115339067
115341781
115343197
115343521
115346325
115347089
115350314
115350323
115353096
115355505
115355723
115355813
115356099
115356100
115356101
115357043
115357601
115358518
115360021
115360103
115361559
115361574
115361631
115361904
115363054
115363067
115363250
115364693
115364745
115364829
115366034
115366037
115367540
115367572
115369025
115370537
115370579
115370726
115370727
115370794
115372175
115374172
115376980
115377029
115380152
115381977
115381978
115384937
115386531
115387398
115387709
115387739
115387741
115390459
115390702
115391998
115392427
115392457
115393541
115395045
115395358
115395359
115398247
115399783
115399943
115399952
115404455
115404461
115404462
115407073
115407336
115408506
115408862
115408966
115408973
115408974
115413164
115413553
115413582
115413583
115413584
115414974
115417657
115417659
115417660
115417667
115419509
115420975
115420997
115422436
115422440
115422655
115424138
115425953
115425957
115425958
115428414
115428924
115430334
115430337
115430340
115433064
115434802
115434803
115434806
115436554
115439247
115439249
115439250
115439255
115439256
115443789
115443792
115443794
115443796
115445491
115447284
115447288
115447290
115451796
115451797
115451802
115451803
115451804
115451806
115453162
115456497
115456504
115456505
115456507
115456508
115460875
115460881
115460884
115464540
115464541
115464542
115464543
115464544
115464545
115464550
115469218
115469223
115469228
115469229
115474066
115474072
115474317
115476779