110236471
110236479
110236483
110236487
110236488
110236489
110236497
110236635
110241647
110241651
110241652
110241658
110241659
110241660
110241661
110241663
110241665
110241745
110241769
110243835
110246336
110246337
110246338
110246344
110246347
110246349
110247017
110249382
110251501
110251503
110251504
110251509
110251511
110251515
110251517
110251707
110251722
110252778
110256729
110256736
110256737
110256739
110256740
110256748
110256756
110256873
110256878
110256910
110261359
110261361
110261362
110261366
110261369
110261370
110261418
110266476
110266485
110266489
110266490
110266492
110266493
110266528
110266530
110266748
110267726
110267731
110271781
110271790
110271791
110271792
110271793
110271823
110271824
110271825
110271826
110271963
110272982
110276551
110277212
110277213
110277235
110277237
110277238
110277333
110278479
110281885
110281890
110282668
110282687
110282688
110282689
110282695
110282762
110283893
110287241
110287252
110288145
110288149
110288150
110288153
110288154
110288205
110288206
110292677
110293609
110293610
110293614
110293653
110293654
110293655
110293656
110298082
110299083
110299084
110299087
110299122
110299125
110299126
110299127
110299129
110304538
110304539
110304543
110304584
110304585
110304587
110304588
110304589
110304591
110304592
110305657
110309978
110309979
110310013
110310015
110310016
110310019
110310020
110310021
110310023
110310025
110315113
110315360
110315362
110315396
110315399
110315400
110315401
110315405
110315406
110320804
110320833
110320834
110320836
110320837
110320838
110320839
110320844
110320846
110320847
110325095
110326264
110326290
110326291
110326293
110326957
110326959
110328046
110328048
110329452
110330546
110332447
110332451
110332573
110332576
110332577
110332578
110332581
110332585
110333700
110333702
110336728
110338034
110338099
110338103
110338104
110338107
110339164
110342301
110343548
110344282
110344284
110344285
110344288
110344290
110346637
110349698
110349847
110349850
110349851
110349852
110349854
110349860
110352158
110355233
110355234
110355311
110355315
110355316
110355318
110355319
110355320
110355324
110355328
110357545
110360748
110360750
110360751
110360753
110360756
110360762
110360764
110362971
110362973
110366203
110366209
110366262
110366264
110366265
110366266
110366269
110366273
110366275
110366276
110372468
110372469
110372507
110372508
110372509
110372512
110372513
110372517
110372518
110372519
110372520
110374885
110378181
110378184
110378185
110378189
110378190
110378191
110378193
110378194
110384452
110384453
110384454
110384455
110384456
110384457
110384459
110384460
110390756
110390763
110390764
110390765
110390766
110390770
110390771
110390772
110390774
110390861
110396379
110396387
110396388
110396389
110396392
110396394
110396399
110396401
110396473
110396474
110402659
110402663
110402664
110402669
110402671
110402673
110402675
110402676
110402679
110402722
110402723
110402726
110408322
110408326
110408330
110408336
110408339
110408340
110408341
110408372
110414611
110414614
110414615
110414619
110414622
110414624
110414626
110414630
110414631
110414650
110414652
110414656
110420329
110420332
110420334
110420335
110420337
110420338
110420339
110420344
110420361
110420365
110420366
110426623
110426627
110426629
110426630
110426632
110426633
110426639
110426654
110426660
110426662
110426663
110426665
110432303
110432304
110432306
110432307
110432308
110432311
110432317
110432333
110432341
110438589
110438591
110438592
110438593
110438594
110438599
110438600
110438611
110438617
110438620
110439291
110441488
110442588
110443678
110444186
110444188
110444190
110444192
110444193
110444203
110444211
110445890
110448057
110449142
110450237
110450361
110450369
110450383
110450387
110450393
110450400
110451333
110452421
110453505
110454575
110455674
110456033
110456037
110456045
110456046
110456052
110456056
110456057
110456063
110456707
110456755
110457104
110457790
110457855
110458190
110459122
110461089
110462327
110462330
110462331
110463271
110463411
110463646
110467614
110468070
110468071
110468073
110469146
110469896
110469899
110470026
110470032
110474354
110475413
110475478
110475632
110476438
110476442
110476694
110480763
110481833
110481875
110481973
110481975
110482927
110482930
110488379
110488401
110488468
110488470
110488471
110489484
110489490
110489564
110489631
110495009
110495011
110495043
110495046
110495047
110496115
110496176
110496214
110501613
110501641
110501642
110501643
110501645
110502734
110504495
110507762
110508841
110508927
110508930
110508932
110508933
110508935
110510002
110510216
110515625
110515630
110515631
110515636
110515637
110515694
110522045
110522048
110522049
110522051
110522057
110528432
110528433
110528434
110528438
110528439
110528460
110528465
110529293
110534086
110534087
110534090
110534106
110536868
110540339
110540340
110540341
110540342
110540345
110540346
110540353
110545890
110545893
110545894
110545897
110545898
110545900
110545901
110545902
110545903
110545905
110546922
110550972
110551362
110551372
110551379
110551411
110552406
110555485
110556572
110556579
110556584
110556682
110556688
110556694
110556765
110557256
110557796
110560334
110560793
110560955
110561876
110561950
110561954
110562021
110562167
110564755
110566134
110567022
110567030
110567119
110567121
110567173
110567177
110567259
110567503
110570067
110570603
110571695
110571696
110571697
110571743
110571746
110571808
110572500
110572660
110573800
110575094
110576173
110576174
110576175
110576776
110577024
110577119
110578711
110579969
110580874
110581050
110581051
110581053
110581055
110581429
110581433
110581504
110581505
110581954
110584137
110585526
110585527
110585529
110585532
110585534
110585812
110585871
110585872
110585873
110585876
110589883
110589888
110589891
110589893
110590205
110590211
110590213
110593193
110594245
110594250
110594475
110594530
110594531
110594534
110595010
110595011
110597521
110598529
110598531
110598746
110598801
110598802
110598803
110598809
110599423
110600833
110601867
110602867
110602868
110603050
110603101
110603108
110603772
110603774
110605282
110607147
110607302
110607329
110607400
110607423
110607509
110607513
110609644
110610576
110611513
110611651
110611653
110611669
110611670
110611738
110611828
110611829
110611830
110615995
110616009
110616011
110616012
110616139
110616141
110616143
110616146
110619255
110620324
110620336
110620339
110620460
110620461
110620463
110620464
110620468
110620470
110620479