seats: {'Boey': 236, 'FQ': 267, 'CBF': 200, 'TFC': 162, 'Yiz': 16, 'T7': 96}

== WHEAT: mean plantings per seat by day (share of seats planting >0 in brackets)
day           Boey           FQ          CBF          TFC          Yiz           T7
  0     12.4 (100)    9.0 (100)   10.0 (100)   12.9 (100)    9.0 (100)    8.0 (100)
  1      0.1 (  4)    0.8 ( 57)    0.0 (  0)    0.0 (  0)    1.0 (100)    0.0 (  0)
  2      0.0 (  3)    2.5 ( 96)    0.0 (  0)    0.1 ( 11)    0.0 (  0)    3.0 (100)
  3      0.8 ( 49)    0.4 ( 28)    0.0 (  0)    0.6 ( 51)    0.0 (  0)    4.0 (100)
  4      0.0 (  3)    0.1 (  6)    0.0 (  0)    0.9 ( 69)    0.0 (  0)    3.0 (100)
  5      0.1 (  7)    0.1 (  6)    0.0 (  0)    0.1 (  4)    0.0 (  0)    0.0 (  0)
  6      4.3 ( 81)    5.4 ( 81)    5.0 (100)    3.3 ( 61)    6.0 (100)    4.9 ( 99)
  7      0.4 ( 24)    0.7 ( 36)    0.6 ( 34)    1.6 ( 54)    3.4 (100)    4.0 (100)
  8      9.5 (100)   13.9 (100)    0.7 ( 38)    9.3 ( 99)    4.6 (100)    1.0 ( 99)
  9      8.0 ( 88)    4.4 ( 73)   12.5 (100)    7.2 ( 99)   14.6 (100)    4.0 (100)
 10      7.3 (100)   18.5 (100)    6.0 ( 80)    9.7 (100)   10.9 (100)    7.0 (100)
 11      6.0 ( 99)   13.4 (100)   10.2 (100)    6.9 ( 99)   10.0 (100)   10.9 (100)
 12      6.6 (100)    8.5 ( 92)    3.8 ( 90)    4.4 ( 99)    9.1 (100)    7.8 ( 99)
 13      6.4 (100)   10.0 ( 99)    3.6 ( 90)    1.9 ( 75)    8.7 (100)    5.7 ( 99)
 14      7.4 (100)   13.0 (100)    5.6 ( 97)    4.0 ( 99)    7.6 (100)    6.9 ( 99)
 15      5.5 (100)    8.3 ( 99)    2.9 ( 80)    5.7 (100)    6.9 (100)    7.0 (100)
0-15          74.7        108.8         60.8         68.8         91.7         77.1

== STRAWBERRY: mean plantings per seat by day (share of seats planting >0 in brackets)
day           Boey           FQ          CBF          TFC          Yiz           T7
  0      0.0 (  0)    0.0 (  0)    0.0 (  0)    0.0 (  0)    0.0 (  0)    0.0 (  0)
  1      0.0 (  0)    1.3 ( 43)    0.0 (  0)    0.0 (  0)    0.0 (  0)    0.0 (  0)
  2      0.2 ( 12)    1.3 ( 87)    3.0 (100)    0.0 (  2)    4.0 (100)    0.0 (  0)
  3      2.4 ( 74)    2.5 ( 88)    5.0 (100)    1.6 ( 72)    5.9 (100)    0.0 (  0)
  4      1.8 ( 90)    1.3 ( 85)    2.0 (100)    2.5 ( 80)    0.1 (  6)    0.0 (  0)
  5      0.4 ( 32)    0.2 ( 20)    0.0 (  0)    0.1 (  7)    0.0 (  0)    4.0 (100)
  6     12.9 (100)   13.9 (100)   10.0 (100)   14.8 (100)    6.5 ( 88)    8.0 (100)
  7      0.4 ( 34)    1.3 ( 53)    0.0 (  0)    0.6 ( 36)    1.0 ( 50)    4.0 (100)
  8      1.6 ( 51)    4.0 ( 76)    0.1 ( 12)    2.3 ( 77)    0.1 ( 12)    3.0 ( 74)
  9      2.7 ( 56)    2.0 ( 49)    1.2 ( 97)    4.5 ( 81)    2.0 ( 62)    0.0 (  0)
 10      0.7 ( 28)    1.1 ( 42)    0.2 (  9)    1.0 ( 49)    2.0 ( 81)    0.0 (  0)
 11      0.3 ( 22)    0.3 ( 22)    0.5 ( 16)    0.8 ( 40)    1.9 (100)   10.4 ( 88)
 12      1.7 ( 53)    2.5 ( 51)    1.3 ( 37)    0.5 ( 27)    3.2 ( 94)    0.9 (  8)
 13      1.1 ( 65)    0.9 ( 49)    7.4 ( 96)    0.7 ( 42)    0.3 ( 25)    0.0 (  0)
 14      0.0 (  2)    0.6 ( 39)    0.0 (  1)    0.1 ( 11)    0.2 ( 19)    0.0 (  0)
 15      0.5 ( 29)    1.5 ( 47)    1.0 ( 28)    1.1 ( 57)    1.2 ( 50)    0.0 (  0)
0-15          26.8         34.7         31.5         30.7         28.5         30.3

== MELON: mean plantings per seat by day (share of seats planting >0 in brackets)
day           Boey           FQ          CBF          TFC          Yiz           T7
  0      6.9 (100)    5.2 (100)    6.0 (100)    7.0 (100)    6.0 (100)   12.0 (100)
  1      0.7 ( 25)    2.9 ( 58)    4.0 (100)    0.1 (  2)    4.0 (100)    0.0 (  0)
  2      2.7 ( 97)    0.7 ( 58)    0.0 (  0)    2.9 (100)    0.0 (  0)    0.0 (  0)
  3      0.2 ( 17)    0.6 ( 36)    0.0 (  0)    0.6 ( 49)    0.0 (  0)    0.0 (  0)
  4      0.2 ( 17)    0.1 ( 11)    0.0 (  0)    0.2 ( 17)    0.0 (  0)    0.0 (  0)
  5      0.0 (  3)    0.0 (  1)    0.0 (  0)    0.1 ( 11)    0.0 (  0)    0.0 (  0)
  6      1.2 ( 73)    2.1 ( 89)    0.0 (  0)    0.7 ( 40)    0.0 (  0)    0.0 (  0)
  7      0.0 (  4)    0.0 (  0)    0.0 (  0)    0.2 ( 15)    0.1 (  6)    0.0 (  0)
  8      0.6 ( 33)    0.0 (  2)    0.0 (  0)    0.1 ( 11)    0.0 (  0)    0.0 (  0)
  9      0.1 (  6)    0.0 (  0)    0.0 (  0)    0.1 (  6)    0.1 (  6)    0.0 (  0)
 10      0.0 (  0)    0.0 (  0)    0.9 ( 56)    0.1 (  8)    0.0 (  0)    0.0 (  0)
 11      0.1 (  5)    0.0 (  0)    2.5 ( 78)    1.6 ( 79)    0.0 (  0)    0.0 (  0)
 12      0.2 ( 16)    0.0 (  0)    0.1 (  9)    0.7 ( 48)    0.0 (  0)    0.1 (  3)
 13      0.0 (  3)    0.0 (  0)    0.0 (  0)    0.2 ( 19)    0.0 (  0)    0.1 (  4)
 14      0.0 (  0)    0.0 (  0)    0.0 (  0)    0.2 ( 20)    0.0 (  0)    0.0 (  0)
 15      0.0 (  1)    0.0 (  0)    0.0 (  0)    0.4 ( 29)    0.0 (  0)    0.0 (  0)
0-15          12.8         11.7         13.5         15.0         10.1         12.1

== TOMATO: mean plantings per seat by day (share of seats planting >0 in brackets)
day           Boey           FQ          CBF          TFC          Yiz           T7
  0      0.0 (  0)    0.0 (  0)    0.0 (  0)    0.0 (  0)    0.0 (  0)    0.0 (  0)
  1      0.0 (  0)    0.0 (  0)    0.0 (  0)    0.0 (  0)    0.0 (  0)    0.0 (  0)
  2      0.0 (  0)    0.0 (  0)    0.0 (  0)    0.0 (  0)    0.0 (  0)    0.0 (  0)
  3      0.0 (  0)    0.0 (  0)    0.0 (  0)    0.0 (  0)    0.0 (  0)    0.0 (  0)
  4      0.0 (  0)    0.0 (  0)    0.0 (  0)    0.0 (  0)    0.0 (  0)    0.0 (  0)
  5      0.0 (  0)    0.0 (  0)    0.0 (  0)    0.0 (  0)    0.0 (  0)    0.0 (  0)
  6      0.0 (  0)    0.0 (  0)    0.0 (  0)    0.0 (  0)    0.0 (  0)    0.0 (  0)
  7      0.0 (  0)    0.0 (  0)    0.0 (  0)    0.0 (  0)    0.0 (  0)    0.0 (  0)
  8      0.0 (  0)    0.0 (  0)    0.0 (  0)    0.0 (  0)    0.0 (  0)    1.0 ( 26)
  9      0.0 (  0)    0.0 (  0)    0.0 (  0)    0.0 (  0)    3.8 ( 81)    0.0 (  0)
 10      0.0 (  0)    0.0 (  0)    0.7 ( 34)    0.0 (  0)    1.3 ( 56)    0.0 (  0)
 11      0.1 (  4)    0.0 (  0)    1.6 ( 58)    2.2 ( 80)    2.2 ( 75)    2.6 ( 36)
 12      0.2 ( 12)    0.0 (  0)    1.0 ( 36)    1.6 ( 75)    1.9 ( 81)    0.0 (  0)
 13      0.0 (  0)    0.0 (  0)    0.8 ( 35)    0.4 ( 31)    1.1 ( 50)    0.0 (  0)
 14      0.0 (  0)    0.0 (  0)    0.8 ( 29)    0.4 ( 33)    0.3 ( 31)    0.0 (  1)
 15      0.0 (  0)    0.0 (  0)    0.9 ( 38)    0.8 ( 46)    1.8 ( 69)    0.2 (  4)
0-15           0.3          0.0          5.8          5.4         12.4          3.9

== CARROT: mean plantings per seat by day (share of seats planting >0 in brackets)
day           Boey           FQ          CBF          TFC          Yiz           T7
  0      0.0 (  0)    0.0 (  0)    0.0 (  0)    0.0 (  0)    0.0 (  0)    0.0 (  0)
  1      0.0 (  0)    0.0 (  0)    0.0 (  0)    0.0 (  0)    0.0 (  0)    0.0 (  0)
  2      0.0 (  0)    0.0 (  0)    0.0 (  0)    0.0 (  0)    0.0 (  0)    0.0 (  0)
  3      0.0 (  0)    0.0 (  0)    0.0 (  0)    0.0 (  0)    0.0 (  0)    0.0 (  0)
  4      0.0 (  0)    0.0 (  0)    0.0 (  0)    0.0 (  0)    0.0 (  0)    0.0 (  0)
  5      0.0 (  0)    0.0 (  0)    0.0 (  0)    0.0 (  0)    0.0 (  0)    0.0 (  0)
  6      0.0 (  1)    0.0 (  2)    0.0 (  0)    0.0 (  1)    0.0 (  0)    0.1 (  2)
  7      0.0 (  0)    0.0 (  2)    0.0 (  0)    0.0 (  1)    0.0 (  0)    0.0 (  0)
  8      0.5 (  7)    1.1 ( 17)    0.0 (  0)    0.4 (  9)    0.0 (  0)    0.0 (  1)
  9      0.2 (  7)    0.7 ( 15)    0.0 (  0)    0.2 (  6)    0.0 (  0)    0.0 (  0)
 10      0.1 (  6)    2.9 ( 36)    0.5 ( 22)    0.2 (  7)    0.8 ( 19)    0.0 (  0)
 11      0.8 ( 28)    4.7 ( 49)    0.5 ( 20)    2.2 ( 77)    0.3 ( 12)    0.1 (  1)
 12      0.7 ( 29)    5.6 ( 66)    0.6 ( 18)    1.8 ( 78)    0.4 ( 19)    0.0 (  1)
 13      0.7 ( 32)    3.7 ( 67)    0.5 ( 20)    0.5 ( 35)    1.9 ( 50)    0.0 (  0)
 14      1.1 ( 29)    4.4 ( 67)    0.7 ( 26)    0.9 ( 54)    1.9 ( 44)    0.1 (  3)
 15      1.3 ( 42)    2.9 ( 63)    0.6 ( 22)    0.7 ( 49)    0.7 ( 38)    0.3 (  9)
0-15           5.5         26.2          3.5          6.9          6.0          0.6

== tiles held at hour 0 (mean per seat): W S M T C | free weeds
d 1  | 12.4  0.0  6.9  0.0  0.0 |  9.0  0.0  5.2  0.0  0.0 | 10.0  0.0  6.0  0.0  0.0 | 12.9  0.0  7.0  0.0  0.0 |  9.0  0.0  6.0  0.0  0.0 |  8.0  0.0 12.0  0.0  0.0
d 2  | 12.5  0.0  7.5  0.0  0.0 |  9.8  1.3  8.0  0.0  0.0 | 10.0  0.0 10.0  0.0  0.0 | 12.9  0.0  7.1  0.0  0.0 | 10.0  0.0 10.0  0.0  0.0 |  8.0  0.0 12.0  0.0  0.0
d 3  |  7.8  0.2 10.2  0.0  0.0 |  6.6  2.6  8.7  0.0  0.0 |  6.0  3.0 10.0  0.0  0.0 |  8.1  0.0  9.9  0.0  0.0 |  4.0  4.0 10.0  0.0  0.0 |  8.0  0.0 12.0  0.0  0.0
d 4  |  4.0  2.6 10.4  0.0  0.0 |  3.0  5.1  9.3  0.0  0.0 |  2.0  8.0 10.0  0.0  0.0 |  4.8  1.6 10.6  0.0  0.0 |  0.0  9.9 10.0  0.0  0.0 |  7.0  0.0 12.0  0.0  0.0
d 5  |  0.8  4.4 10.6  0.0  0.0 |  0.8  6.4  9.5  0.0  0.0 |  0.0 10.0 10.0  0.0  0.0 |  1.6  4.2 10.7  0.0  0.0 |  0.0 10.0 10.0  0.0  0.0 |  7.0  0.0 12.0  0.0  0.0
d 6  |  0.2  4.7 10.6  0.0  0.0 |  0.1  6.6  9.5  0.0  0.0 |  0.0 10.0 10.0  0.0  0.0 |  1.2  4.2 10.8  0.0  0.0 |  0.0 10.0 10.0  0.0  0.0 |  3.0  4.0 12.0  0.0  0.0
d 8  |  4.6 18.0 11.9  0.0  0.0 |  5.9 21.7 11.6  0.0  0.1 |  5.6 19.6 10.0  0.0  0.0 |  5.0 19.7 11.7  0.0  0.0 |  9.2 17.5 10.1  0.0  0.0 |  8.9 16.0 12.0  0.0  0.1
d10  | 18.0 22.3 12.5  0.0  0.7 | 18.2 27.6 11.6  0.0  1.8 | 18.7 20.9 10.0  0.0  0.0 | 17.6 26.4 11.8  0.0  0.6 | 20.8 19.6 10.1  3.8  0.0 |  5.0 18.9 12.0  1.0  0.0
d12  | 23.8 23.3  5.1  0.1  1.2 | 41.8 29.0  3.6  0.0  8.1 | 26.4 20.4  3.4  2.3  1.0 | 17.0 28.3  6.4  2.2  2.4 | 34.5 23.5  0.1  7.3  1.1 | 19.9 29.4  0.0  3.6  0.1
d14  | 22.2 25.9  2.4  0.3  2.1 | 34.5 32.3  2.3  0.0 12.7 | 16.2 28.6  3.5  4.1  1.3 | 13.4 29.0  3.9  4.2  4.0 | 31.2 27.0  0.1 10.3  2.5 | 24.1 30.3  0.1  3.6  0.1
d16  | 20.7 26.1  2.1  0.3  2.9 | 32.5 34.3  2.2  0.0  9.9 | 13.0 29.2  3.5  5.8  1.6 | 13.3 29.6  4.2  5.4  1.9 | 25.3 28.4  0.1 12.3  4.1 | 23.7 30.3  0.1  3.9  0.4
      |           Boey           |            FQ            |           CBF            |           TFC            |           Yiz            |            T7           
