== plantings per seat by crop@quadrant and day window

-- WHEAT
window                     Boey                    FQ                   CBF                   TFC                   Yiz                    T7
                 NW  NE  SW  SE        NW  NE  SW  SE        NW  NE  SW  SE        NW  NE  SW  SE        NW  NE  SW  SE        NW  NE  SW  SE
d 0- 0     12.4  0.0  0.0  0.0      9.0  0.0  0.0  0.0     10.0  0.0  0.0  0.0     12.9  0.0  0.0  0.0      9.0  0.0  0.0  0.0      8.0  0.0  0.0  0.0   
d 1- 2      0.1  0.0  0.0  0.0      3.3  0.0  0.0  0.0      0.0  0.0  0.0  0.0      0.1  0.0  0.0  0.0      1.0  0.0  0.0  0.0      3.0  0.0  0.0  0.0   
d 3- 5      0.9  0.0  0.0  0.0      0.6  0.0  0.0  0.0      0.0  0.0  0.0  0.0      1.6  0.1  0.0  0.0      0.0  0.0  0.0  0.0      7.0  0.0  0.0  0.0   
d 6- 7      0.1  4.6  0.0  0.0      0.0  6.0  0.0  0.0      0.0  5.6  0.0  0.0      0.1  4.8  0.0  0.0      0.0  9.4  0.0  0.0      2.0  6.9  0.0  0.0   
d 8- 9      0.1  3.5 13.9  0.0      0.1  3.4 14.8  0.0      0.0  0.7 12.4  0.0      0.1  2.5 14.0  0.0      0.0  7.0 12.1  0.0      2.0  3.0  0.0  0.0   
d10-11      6.6  2.0  4.7  0.1      6.5  1.5  5.2 18.7      6.7  4.1  5.4  0.0      6.8  1.7  8.2  0.0      5.6  3.4  2.5  9.4      7.0  0.0 10.9  0.0   
d12-13      4.7  2.4  5.8  0.1      3.1  1.7  5.5  8.0      0.5  1.2  5.7  0.0      3.9  0.4  1.9  0.0      2.1  3.9  6.2  5.4      8.4  2.8  1.8  0.5   
d14-15      6.2  1.9  4.8  0.1      4.0  1.5  6.1  9.7      3.3  1.9  3.3  0.0      3.2  1.1  5.5  0.0      2.6  3.4  3.2  5.3      2.2  1.0 10.6  0.0   

-- STRAWBERRY
window                     Boey                    FQ                   CBF                   TFC                   Yiz                    T7
                 NW  NE  SW  SE        NW  NE  SW  SE        NW  NE  SW  SE        NW  NE  SW  SE        NW  NE  SW  SE        NW  NE  SW  SE
d 0- 0      0.0  0.0  0.0  0.0      0.0  0.0  0.0  0.0      0.0  0.0  0.0  0.0      0.0  0.0  0.0  0.0      0.0  0.0  0.0  0.0      0.0  0.0  0.0  0.0   
d 1- 2      0.2  0.0  0.0  0.0      2.6  0.0  0.0  0.0      3.0  0.0  0.0  0.0      0.0  0.0  0.0  0.0      4.0  0.0  0.0  0.0      0.0  0.0  0.0  0.0   
d 3- 5      4.5  0.0  0.0  0.0      4.0  0.0  0.0  0.0      7.0  0.0  0.0  0.0      4.2  0.0  0.0  0.0      6.0  0.0  0.0  0.0      4.0  0.0  0.0  0.0   
d 6- 7      0.0 13.2  0.0  0.0      0.1 15.1  0.0  0.0      0.0 10.0  0.0  0.0      0.5 15.0  0.0  0.0      0.0  7.5  0.0  0.0      1.0 11.0  0.0  0.0   
d 8- 9      0.0  0.4  3.9  0.0      0.0  1.3  4.7  0.0      0.3  0.0  1.0  0.0      0.0  0.8  5.9  0.0      0.0  0.2  1.9  0.0      0.0  3.0  0.0  0.0   
d10-11      0.4  0.1  0.5  0.0      0.2  0.0  0.1  1.0      0.3  0.2  0.2  0.0      0.1  0.4  1.4  0.0      1.4  0.2  1.0  1.2      0.0  0.0 10.4  0.0   
d12-13      0.0  0.0  2.8  0.0      0.6  0.2  1.3  1.2      2.1  1.6  5.0  0.0      0.7  0.1  0.4  0.0      0.4  0.7  1.5  0.9      0.0  0.0  0.0  0.9   
d14-15      0.0  0.0  0.5  0.0      0.5  0.1  0.6  0.9      0.2  0.3  0.5  0.0      0.6  0.1  0.5  0.0      0.2  0.3  0.4  0.5      0.0  0.0  0.0  0.0   

-- MELON
window                     Boey                    FQ                   CBF                   TFC                   Yiz                    T7
                 NW  NE  SW  SE        NW  NE  SW  SE        NW  NE  SW  SE        NW  NE  SW  SE        NW  NE  SW  SE        NW  NE  SW  SE
d 0- 0      6.9  0.0  0.0  0.0      5.2  0.0  0.0  0.0      6.0  0.0  0.0  0.0      7.0  0.0  0.0  0.0      6.0  0.0  0.0  0.0     12.0  0.0  0.0  0.0   
d 1- 2      3.3  0.0  0.0  0.0      3.6  0.0  0.0  0.0      4.0  0.0  0.0  0.0      3.0  0.0  0.0  0.0      4.0  0.0  0.0  0.0      0.0  0.0  0.0  0.0   
d 3- 5      0.5  0.0  0.0  0.0      0.7  0.0  0.0  0.0      0.0  0.0  0.0  0.0      0.9  0.0  0.0  0.0      0.0  0.0  0.0  0.0      0.0  0.0  0.0  0.0   
d 6- 7      0.0  1.3  0.0  0.0      0.0  2.1  0.0  0.0      0.0  0.0  0.0  0.0      0.2  0.7  0.0  0.0      0.0  0.1  0.0  0.0      0.0  0.0  0.0  0.0   
d 8- 9      0.0  0.0  0.6  0.0      0.0  0.0  0.0  0.0      0.0  0.0  0.0  0.0      0.0  0.1  0.1  0.0      0.0  0.0  0.1  0.0      0.0  0.0  0.0  0.0   
d10-11      0.0  0.0  0.1  0.0      0.0  0.0  0.0  0.0      0.9  0.9  1.6  0.0      0.1  0.3  1.3  0.0      0.0  0.0  0.0  0.0      0.0  0.0  0.0  0.0   
d12-13      0.1  0.0  0.1  0.0      0.0  0.0  0.0  0.0      0.0  0.0  0.1  0.0      0.7  0.0  0.2  0.0      0.0  0.0  0.0  0.0      0.0  0.0  0.0  0.1   
d14-15      0.0  0.0  0.0  0.0      0.0  0.0  0.0  0.0      0.0  0.0  0.0  0.0      0.2  0.0  0.3  0.0      0.0  0.0  0.0  0.0      0.0  0.0  0.0  0.0   

-- TOMATO
window                     Boey                    FQ                   CBF                   TFC                   Yiz                    T7
                 NW  NE  SW  SE        NW  NE  SW  SE        NW  NE  SW  SE        NW  NE  SW  SE        NW  NE  SW  SE        NW  NE  SW  SE
d 0- 0      0.0  0.0  0.0  0.0      0.0  0.0  0.0  0.0      0.0  0.0  0.0  0.0      0.0  0.0  0.0  0.0      0.0  0.0  0.0  0.0      0.0  0.0  0.0  0.0   
d 1- 2      0.0  0.0  0.0  0.0      0.0  0.0  0.0  0.0      0.0  0.0  0.0  0.0      0.0  0.0  0.0  0.0      0.0  0.0  0.0  0.0      0.0  0.0  0.0  0.0   
d 3- 5      0.0  0.0  0.0  0.0      0.0  0.0  0.0  0.0      0.0  0.0  0.0  0.0      0.0  0.0  0.0  0.0      0.0  0.0  0.0  0.0      0.0  0.0  0.0  0.0   
d 6- 7      0.0  0.0  0.0  0.0      0.0  0.0  0.0  0.0      0.0  0.0  0.0  0.0      0.0  0.0  0.0  0.0      0.0  0.0  0.0  0.0      0.0  0.0  0.0  0.0   
d 8- 9      0.0  0.0  0.0  0.0      0.0  0.0  0.0  0.0      0.0  0.0  0.0  0.0      0.0  0.0  0.0  0.0      0.0  0.1  3.7  0.0      0.0  1.0  0.0  0.0   
d10-11      0.0  0.0  0.1  0.0      0.0  0.0  0.0  0.0      0.8  0.7  0.8  0.0      0.0  0.5  1.7  0.0      0.1  0.1  2.2  1.1      0.0  0.0  2.6  0.0   
d12-13      0.1  0.0  0.1  0.0      0.0  0.0  0.0  0.0      0.2  0.4  1.2  0.0      1.3  0.2  0.5  0.0      0.1  0.6  1.4  0.9      0.0  0.0  0.0  0.0   
d14-15      0.0  0.0  0.0  0.0      0.0  0.0  0.0  0.0      0.5  0.4  0.8  0.0      0.5  0.2  0.5  0.0      0.3  0.2  0.6  0.9      0.0  0.0  0.2  0.0   

-- CARROT
window                     Boey                    FQ                   CBF                   TFC                   Yiz                    T7
                 NW  NE  SW  SE        NW  NE  SW  SE        NW  NE  SW  SE        NW  NE  SW  SE        NW  NE  SW  SE        NW  NE  SW  SE
d 0- 0      0.0  0.0  0.0  0.0      0.0  0.0  0.0  0.0      0.0  0.0  0.0  0.0      0.0  0.0  0.0  0.0      0.0  0.0  0.0  0.0      0.0  0.0  0.0  0.0   
d 1- 2      0.0  0.0  0.0  0.0      0.0  0.0  0.0  0.0      0.0  0.0  0.0  0.0      0.0  0.0  0.0  0.0      0.0  0.0  0.0  0.0      0.0  0.0  0.0  0.0   
d 3- 5      0.0  0.0  0.0  0.0      0.0  0.0  0.0  0.0      0.0  0.0  0.0  0.0      0.0  0.0  0.0  0.0      0.0  0.0  0.0  0.0      0.0  0.0  0.0  0.0   
d 6- 7      0.0  0.0  0.0  0.0      0.0  0.1  0.0  0.0      0.0  0.0  0.0  0.0      0.0  0.0  0.0  0.0      0.0  0.0  0.0  0.0      0.0  0.1  0.0  0.0   
d 8- 9      0.0  0.2  0.6  0.0      0.0  0.6  1.2  0.0      0.0  0.0  0.0  0.0      0.0  0.1  0.5  0.0      0.0  0.0  0.0  0.0      0.0  0.0  0.0  0.0   
d10-11      0.2  0.2  0.5  0.0      1.1  0.6  2.2  3.8      0.2  0.5  0.3  0.0      0.0  0.4  1.9  0.0      0.2  0.0  0.1  0.8      0.0  0.0  0.1  0.0   
d12-13      0.5  0.2  0.7  0.0      1.4  1.0  3.4  3.6      0.2  0.2  0.7  0.0      1.5  0.2  0.7  0.0      0.4  0.1  0.9  0.9      0.0  0.0  0.0  0.0   
d14-15      0.5  0.5  1.4  0.0      1.1  0.7  2.4  3.0      0.4  0.3  0.6  0.0      0.6  0.2  0.8  0.0      0.8  0.0  0.8  1.0      0.2  0.1  0.2  0.0   

== hour-0 tile budget per quadrant (mean per seat; seats that own the quadrant): W S M T C | cow sheep goose | emptyStruct weed free

-- day 4
  Boey  NW own 100% |  4.0  2.6 10.4  0.0  0.0 |  3.9  2.2  1.8 |  0.0  0.0  0.1
  FQ    NW own 100% |  3.0  5.1  9.3  0.0  0.0 |  4.2  3.2  0.0 |  0.0  0.0  0.1
  CBF   NW own 100% |  2.0  8.0 10.0  0.0  0.0 |  2.0  3.0  0.0 |  0.0  0.0  0.0
  TFC   NW own 100% |  4.8  1.6 10.6  0.0  0.0 |  3.7  2.1  2.1 |  0.0  0.0  0.0
  Yiz   NW own 100% |  0.0  9.9 10.0  0.0  0.0 |  2.0  3.0  0.0 |  0.0  0.0  0.1
  T7    NW own 100% |  7.0  0.0 12.0  0.0  0.0 |  4.0  2.0  0.0 |  0.0  0.0  0.0

-- day 6
  Boey  NW own 100% |  0.2  4.7 10.6  0.0  0.0 |  4.5  2.8  2.1 |  0.0  0.0  0.0
  FQ    NW own 100% |  0.1  6.6  9.5  0.0  0.0 |  5.3  3.5  0.0 |  0.0  0.0  0.0
  CBF   NW own 100% |  0.0 10.0 10.0  0.0  0.0 |  2.0  3.0  0.0 |  0.0  0.0  0.0
  TFC   NW own 100% |  1.1  4.2 10.8  0.0  0.0 |  4.4  2.4  2.1 |  0.0  0.0  0.0
  TFC   NE own   2% |  3.0  1.0  0.0  0.0  0.0 |  0.0  0.0  0.0 |  0.0  0.0 21.0
  Yiz   NW own 100% |  0.0 10.0 10.0  0.0  0.0 |  2.0  3.0  0.0 |  0.0  0.0  0.0
  T7    NW own 100% |  3.0  4.0 12.0  0.0  0.0 |  4.0  2.0  0.0 |  0.0  0.0  0.0

-- day 8
  Boey  NW own 100% |  0.1  4.7 10.7  0.0  0.0 |  4.5  2.8  2.1 |  0.0  0.0  0.1
  Boey  NE own 100% |  4.5 13.2  1.2  0.0  0.0 |  1.4  1.6  1.4 |  0.1  0.0  1.4
  FQ    NW own 100% |  0.1  6.6  9.5  0.0  0.0 |  5.3  3.5  0.0 |  0.0  0.0  0.0
  FQ    NE own 100% |  5.9 15.1  2.1  0.0  0.1 |  0.9  0.8  0.0 |  0.0  0.0  0.1
  CBF   NW own 100% |  0.0  9.7 10.0  0.0  0.0 |  2.0  3.0  0.0 |  0.0  0.3  0.0
  CBF   NE own 100% |  5.6 10.0  0.0  0.0  0.0 |  4.9  0.8  1.6 |  0.0  0.0  2.1
  TFC   NW own 100% |  0.2  4.7 11.0  0.0  0.0 |  4.5  2.4  2.1 |  0.0  0.0  0.0
  TFC   NE own 100% |  4.8 15.0  0.7  0.0  0.0 |  1.1  1.8  1.0 |  0.0  0.0  0.6
  Yiz   NW own 100% |  0.0 10.0 10.0  0.0  0.0 |  2.0  3.0  0.0 |  0.0  0.0  0.0
  Yiz   NE own 100% |  9.2  7.5  0.1  0.0  0.0 |  5.1  0.4  2.1 |  0.1  0.0  0.5
  T7    NW own 100% |  2.0  5.0 12.0  0.0  0.0 |  4.0  2.0  0.0 |  0.0  0.0  0.0
  T7    NE own 100% |  6.9 11.0  0.0  0.0  0.1 |  3.1  0.4  0.5 |  3.0  0.0  0.0

-- day 10
  Boey  NW own 100% |  0.1  4.7 10.7  0.0  0.0 |  4.5  2.8  2.1 |  0.0  0.0  0.0
  Boey  NE own 100% |  4.1 13.6  1.2  0.0  0.2 |  1.4  2.6  1.4 |  0.1  0.0  0.4
  Boey  SW own  92% | 15.1  4.3  0.7  0.0  0.6 |  1.0  0.8  1.8 |  0.1  0.0  0.7
  FQ    NW own 100% |  0.1  6.6  9.5  0.0  0.0 |  5.3  3.5  0.0 |  0.0  0.0  0.0
  FQ    NE own 100% |  3.8 16.4  2.1  0.0  0.6 |  1.0  0.9  0.0 |  0.0  0.0  0.1
  FQ    SW own 100% | 14.3  4.5  0.0  0.0  1.2 |  2.4  2.3  0.0 |  0.0  0.0  0.2
  CBF   NW own 100% |  0.0  9.9 10.0  0.0  0.0 |  2.0  3.0  0.0 |  0.0  0.0  0.0
  CBF   NE own 100% |  6.3 10.0  0.0  0.0  0.0 |  5.5  0.8  1.6 |  0.1  0.0  0.7
  CBF   SW own 100% | 12.4  0.9  0.0  0.0  0.0 |  1.4  0.1  1.2 |  0.0  0.1  8.9
  TFC   NW own 100% |  0.1  4.8 11.0  0.0  0.0 |  4.5  2.4  2.2 |  0.0  0.0  0.0
  TFC   NE own 100% |  3.4 15.8  0.7  0.0  0.1 |  1.2  2.6  1.1 |  0.0  0.0  0.0
  TFC   SW own 100% | 14.0  5.9  0.1  0.0  0.5 |  1.0  0.4  1.5 |  0.0  0.0  1.5
  Yiz   NW own 100% |  0.0 10.0 10.0  0.0  0.0 |  2.0  3.0  0.0 |  0.0  0.0  0.0
  Yiz   NE own 100% |  8.7  7.6  0.1  0.1  0.0 |  5.6  0.9  2.1 |  0.0  0.0  0.0
  Yiz   SW own 100% | 12.1  1.9  0.1  3.7  0.0 |  1.4  0.1  2.2 |  0.0  0.1  3.4
  T7    NW own 100% |  2.0  5.0 12.0  0.0  0.0 |  4.0  2.0  0.0 |  0.0  0.0  0.0
  T7    NE own 100% |  3.0 14.0  0.0  1.0  0.0 |  3.4  3.1  0.5 |  0.0  0.0  0.0

-- day 12
  Boey  NW own 100% |  6.6  5.1  3.1  0.0  0.2 |  4.5  3.1  2.1 |  0.0  0.0  0.3
  Boey  NE own 100% |  3.8 13.7  1.2  0.0  0.3 |  1.4  2.6  1.4 |  0.1  0.0  0.4
  Boey  SW own  92% | 14.5  4.9  0.8  0.1  0.8 |  1.1  0.9  1.9 |  0.0  0.0  0.0
  Boey  SE own   0% | 12.0  0.0  0.0  0.0  1.0 |  0.0  0.0  0.0 |  0.0  0.0 12.0
  FQ    NW own 100% |  6.5  6.9  1.5  0.0  1.1 |  5.3  3.5  0.0 |  0.0  0.0  0.3
  FQ    NE own 100% |  3.5 16.5  2.1  0.0  0.9 |  1.0  0.9  0.0 |  0.0  0.0  0.0
  FQ    SW own 100% | 13.1  4.7  0.0  0.0  2.3 |  2.4  2.4  0.0 |  0.0  0.0  0.1
  FQ    SE own 100% | 18.7  1.0  0.0  0.0  3.8 |  0.3  0.3  0.0 |  0.0  0.0  0.9
  CBF   NW own 100% |  6.7 10.1  0.9  0.8  0.2 |  2.1  3.6  0.5 |  0.0  0.0  0.2
  CBF   NE own 100% |  4.6  9.4  0.9  0.7  0.5 |  5.5  0.9  2.1 |  0.0  0.0  0.4
  CBF   SW own 100% | 15.2  0.9  1.6  0.8  0.3 |  1.5  1.0  3.2 |  0.0  0.0  0.5
  TFC   NW own 100% |  6.8  4.9  4.0  0.0  0.0 |  4.6  2.5  2.2 |  0.0  0.0  0.0
  TFC   NE own 100% |  1.7 16.2  1.1  0.5  0.4 |  1.3  2.7  1.1 |  0.0  0.0  0.0
  TFC   SW own 100% |  8.6  7.2  1.4  1.7  1.9 |  1.3  0.9  2.1 |  0.0  0.0  0.0
  Yiz   NW own 100% |  5.6 11.4  0.0  0.1  0.2 |  2.0  3.1  1.8 |  0.0  0.0  0.8
  Yiz   NE own 100% |  7.9  7.9  0.1  0.2  0.0 |  5.6  0.9  2.0 |  0.1  0.1  0.4
  Yiz   SW own 100% | 11.6  2.9  0.1  5.9  0.1 |  1.4  0.1  2.5 |  0.0  0.1  0.3
  Yiz   SE own  88% | 10.8  1.4  0.0  1.2  0.9 |  0.0  0.1  0.6 |  0.0  0.1  9.8
  T7    NW own 100% |  8.0  5.0  0.0  0.0  0.0 |  4.3  3.8  1.9 |  1.0  0.0  1.0
  T7    NE own 100% |  1.0 14.0  0.0  1.0  0.0 |  3.4  3.1  0.5 |  0.0  0.0  2.0
  T7    SW own 100% | 10.9 10.4  0.0  2.6  0.1 |  0.0  0.0  0.0 |  0.0  0.0  1.0
  T7    SE own   1% |  0.0  0.0  0.0  0.0  0.0 |  0.0  6.0  0.0 |  0.0  1.0 18.0

-- day 14
  Boey  NW own 100% |  8.9  4.9  0.4  0.1  0.7 |  4.6  3.2  2.2 |  0.1  0.0  0.0
  Boey  NE own 100% |  3.7 13.7  1.2  0.0  0.4 |  1.4  2.6  1.4 |  0.2  0.0  0.4
  Boey  SW own  92% | 10.3  7.9  0.8  0.2  1.1 |  1.3  1.2  1.9 |  0.0  0.0  0.2
  Boey  SE own   1% | 13.7  2.7  0.0  0.0  0.3 |  0.3  0.0  0.0 |  0.0  0.3  7.7
  FQ    NW own 100% |  6.3  7.5  0.1  0.0  1.9 |  5.3  3.6  0.0 |  0.0  0.0  0.3
  FQ    NE own 100% |  2.7 16.7  2.1  0.0  1.3 |  1.0  0.9  0.0 |  0.0  0.0  0.2
  FQ    SW own 100% |  9.2  5.9  0.0  0.0  4.7 |  2.4  2.4  0.0 |  0.0  0.0  0.3
  FQ    SE own 100% | 16.3  2.2  0.0  0.0  4.8 |  0.5  0.7  0.0 |  0.0  0.0  0.4
  CBF   NW own 100% |  4.3 12.1  0.9  1.0  0.2 |  2.2  3.8  0.5 |  0.0  0.0  0.0
  CBF   NE own 100% |  3.4 10.8  0.9  1.1  0.3 |  5.5  0.9  2.1 |  0.0  0.0  0.0
  CBF   SW own 100% |  8.5  5.7  1.7  2.0  0.8 |  1.6  1.4  3.2 |  0.0  0.0  0.0
  TFC   NW own 100% |  5.1  5.3  1.2  1.3  1.5 |  4.8  2.8  2.3 |  0.1  0.0  0.5
  TFC   NE own 100% |  1.3 16.1  1.1  0.7  0.5 |  1.3  2.7  1.1 |  0.0  0.0  0.0
  TFC   SW own 100% |  7.0  7.6  1.6  2.1  2.0 |  1.3  1.1  2.1 |  0.0  0.0  0.1
  Yiz   NW own 100% |  5.6 11.9  0.0  0.2  0.4 |  2.0  3.1  1.8 |  0.0  0.0  0.0
  Yiz   NE own 100% |  6.7  8.6  0.1  0.8  0.1 |  5.6  0.9  2.0 |  0.0  0.0  0.2
  Yiz   SW own 100% |  8.0  4.4  0.1  7.3  0.9 |  1.4  0.2  2.5 |  0.0  0.0  0.1
  Yiz   SE own  88% | 12.5  2.4  0.0  2.3  1.2 |  0.1  0.9  0.6 |  0.0  0.1  4.8
  T7    NW own 100% |  8.9  5.0  0.0  0.0  0.0 |  4.3  3.8  1.9 |  0.9  0.0  0.1
  T7    NE own 100% |  2.8 14.0  0.0  1.0  0.0 |  3.4  3.1  0.5 |  0.0  0.0  0.2
  T7    SW own 100% | 11.8 10.4  0.0  2.6  0.1 |  0.0  0.0  0.0 |  0.0  0.0  0.1
  T7    SE own  11% |  4.5  7.8  0.9  0.0  0.0 |  0.0  1.6  0.0 |  0.0  0.2 10.0

-- day 16
  Boey  NW own 100% |  9.3  4.6  0.1  0.1  0.6 |  4.7  3.2  2.2 |  0.1  0.0  0.1
  Boey  NE own 100% |  3.4 13.7  1.2  0.0  0.6 |  1.4  2.5  1.4 |  0.2  0.0  0.5
  Boey  SW own  92% |  8.6  8.5  0.8  0.2  1.8 |  1.4  1.3  1.9 |  0.1  0.1  0.4
  Boey  SE own   1% | 10.7  3.0  0.0  0.0  0.3 |  0.3  0.0  0.0 |  0.0  4.7  6.0
  FQ    NW own 100% |  5.9  8.0  0.0  0.0  1.6 |  5.3  3.6  0.0 |  0.1  0.1  0.6
  FQ    NE own 100% |  2.5 16.7  2.1  0.0  1.0 |  1.0  0.9  0.0 |  0.0  0.1  0.5
  FQ    SW own 100% |  9.3  6.5  0.0  0.0  3.0 |  2.5  2.4  0.0 |  0.0  0.1  1.1
  FQ    SE own 100% | 14.7  3.1  0.0  0.0  4.3 |  0.6  0.9  0.0 |  0.0  0.2  1.2
  CBF   NW own 100% |  3.5 12.0  0.9  1.5  0.5 |  2.2  4.0  0.5 |  0.0  0.0  0.0
  CBF   NE own 100% |  2.6 11.1  0.9  1.5  0.3 |  5.5  1.0  2.1 |  0.1  0.0  0.0
  CBF   SW own 100% |  6.8  6.2  1.7  2.8  0.8 |  1.7  1.8  3.2 |  0.0  0.0  0.0
  TFC   NW own 100% |  5.5  5.3  1.2  1.8  0.7 |  4.8  2.9  2.4 |  0.1  0.0  0.2
  TFC   NE own 100% |  1.3 16.2  1.1  0.9  0.2 |  1.3  2.7  1.1 |  0.0  0.0  0.0
  TFC   SW own 100% |  6.5  8.0  1.9  2.6  0.9 |  1.4  1.3  2.2 |  0.0  0.1  0.1
  Yiz   NW own 100% |  4.4 12.1  0.0  0.5  1.1 |  2.0  3.1  1.8 |  0.0  0.0  0.1
  Yiz   NE own 100% |  5.9  8.9  0.1  1.1  0.1 |  5.5  1.1  2.0 |  0.1  0.0  0.3
  Yiz   SW own 100% |  6.4  4.8  0.1  7.9  1.2 |  1.4  0.4  2.5 |  0.0  0.1  0.1
  Yiz   SE own  88% |  9.9  3.0  0.0  3.3  1.9 |  0.1  1.2  0.6 |  0.0  0.2  4.7
  T7    NW own 100% |  9.7  5.0  0.0  0.0  0.2 |  4.3  3.8  1.9 |  0.0  0.0  0.1
  T7    NE own 100% |  2.0 14.0  0.0  1.0  0.1 |  3.4  3.1  0.5 |  0.0  0.0  0.9
  T7    SW own 100% | 11.5 10.4  0.0  2.8  0.2 |  0.0  0.0  0.0 |  0.0  0.0  0.1
  T7    SE own  11% |  4.5  7.8  0.9  0.0  0.0 |  0.3  1.6  0.0 |  0.0  0.3  9.6
