
== STRAWBERRY price at hour 0 (mean)
day     Boey      FQ     CBF     TFC     Yiz      T7
  0    120.0   120.0   120.0   120.0   120.0   120.0
  3    135.0   135.0   135.0   135.0   135.0   135.0
  6    150.2   151.0   151.0   149.9   152.2   149.8
  8    161.8   163.1   162.9   162.2   164.6   161.8
  9    166.3   167.8   167.5   167.0   169.2   166.4
 10    172.6   174.7   174.3   173.5   175.7   173.1
 11    177.9   180.4   180.1   179.0   181.1   178.8
 12    182.7   185.7   185.3   184.0   185.9   184.0
 13    189.0   191.5   191.7   190.5   191.2   189.9
 14    192.7   194.6   194.2   194.5   189.6   194.2
 15    191.3   192.6   193.2   195.6   183.2   196.1
 16    189.8   191.2   186.8   196.4   177.3   195.3

== MELON price at hour 0 (mean)
day     Boey      FQ     CBF     TFC     Yiz      T7
  0    250.0   250.0   250.0   250.0   250.0   250.0
  3    262.0   262.0   262.0   262.0   262.0   262.0
  6    267.0   267.0   267.0   267.0   267.0   267.0
  8    269.0   269.0   269.0   269.0   269.0   269.0
  9    270.0   270.0   270.0   270.0   270.0   270.0
 10    271.0   271.0   271.0   271.0   271.0   271.0
 11    219.7   220.5   218.7   233.9   218.6   188.5
 12    187.9   181.6   163.4   192.3   165.9   136.0
 13    174.1   165.0   153.1   179.8   151.8   130.2
 14    143.0   153.7   149.3   171.2   152.4   122.9
 15    142.3   151.4   148.2   163.9   154.4   120.7
 16    141.4   151.9   147.6   158.0   155.3   121.0

== WHEAT price at hour 0 (mean)
day     Boey      FQ     CBF     TFC     Yiz      T7
  0     25.0    25.0    25.0    25.0    25.0    25.0
  3     29.6    28.8    30.0    29.8    29.9    29.5
  6     30.8    30.4    29.8    29.2    30.6    30.1
  8     34.3    34.1    33.6    33.6    34.8    33.1
  9     36.4    35.7    35.4    35.5    36.1    35.3
 10     38.1    37.4    36.9    37.1    37.5    37.0
 11     40.2    39.3    39.0    39.0    40.4    38.8
 12     40.6    39.7    39.2    39.7    40.9    39.6
 13     40.4    39.1    39.7    39.7    40.2    39.8
 14     39.7    37.8    39.5    39.8    38.9    39.5
 15     39.1    36.4    38.4    39.9    37.8    39.5
 16     38.2    35.0    38.2    39.9    36.2    39.2

== TOMATO price at hour 0 (mean)
day     Boey      FQ     CBF     TFC     Yiz      T7
  0     60.0    60.0    60.0    60.0    60.0    60.0
  3     60.0    60.0    60.0    60.0    60.0    60.0
  6     61.5    61.5    61.5    61.5    61.4    61.4
  8     62.2    62.1    62.3    62.1    62.0    62.1
  9     62.6    62.4    62.6    62.4    62.4    62.3
 10     63.2    63.1    63.3    63.1    62.9    62.9
 11     63.9    63.8    64.1    63.8    63.6    63.6
 12     64.6    64.4    64.7    64.4    64.2    64.3
 13     65.6    65.4    65.7    65.4    65.1    65.1
 14     66.4    66.1    66.6    66.1    65.7    65.9
 15     67.2    66.9    67.3    66.9    66.4    66.6
 16     68.3    67.9    68.5    67.9    67.4    67.6

== CARROT price at hour 0 (mean)
day     Boey      FQ     CBF     TFC     Yiz      T7
  0     35.0    35.0    35.0    35.0    35.0    35.0
  3     35.0    35.0    35.0    35.0    35.0    35.0
  6     35.5    35.6    35.4    35.4    35.1    35.6
  8     36.8    37.1    36.8    36.7    36.2    36.9
  9     37.1    37.4    37.1    37.0    36.3    37.2
 10     37.7    38.2    37.8    37.6    36.6    37.9
 11     38.2    38.8    38.3    38.2    36.8    38.4
 12     38.7    39.3    38.9    38.6    37.1    39.0
 13     39.2    39.8    39.5    39.2    37.4    39.6
 14     39.6    40.0    39.9    39.7    37.7    40.2
 15     40.1    39.9    40.3    40.0    37.9    40.6
 16     40.5    39.4    40.6    40.4    38.1    41.1

== FERTILIZER price at hour 0 (mean)
day     Boey      FQ     CBF     TFC     Yiz      T7
  0    100.0   100.0   100.0   100.0   100.0   100.0
  3     96.0    96.0    96.0    96.0    96.0    96.0
  6     87.7    87.9    89.7    88.0    89.2    89.3
  8     80.2    80.7    82.9    81.1    81.9    83.0
  9     76.8    77.2    78.7    77.6    77.8    79.4
 10     71.5    73.2    74.4    72.7    73.2    74.5
 11     67.4    69.7    72.2    68.2    70.4    72.4
 12     61.0    64.3    67.0    63.2    64.8    67.1
 13     56.0    59.1    62.1    57.2    60.9    61.4
 14     51.1    54.7    57.4    52.0    56.4    55.5
 15     46.4    49.6    51.1    46.4    51.3    50.5
 16     44.3    47.8    47.1    43.5    48.8    47.3

== rival strawberry tiles at hour 0 (mean) | own
  4    6.6/ 2.6   6.0/ 5.1   6.6/ 8.0   7.1/ 1.6   5.7/ 9.9   5.0/ 0.0
  6    8.4/ 4.7   8.0/ 6.6   8.0/10.0   8.5/ 4.2   8.0/10.0   6.9/ 4.0
  8   18.3/18.0  18.4/21.7  17.6/19.6  18.0/19.7  20.7/17.5  19.1/16.0
 10   20.8/22.3  20.9/27.6  20.5/20.9  20.4/26.4  22.4/19.6  23.2/18.9
 12   23.1/23.3  23.2/29.0  24.1/20.4  22.7/28.3  23.5/23.5  24.3/29.4
 14   27.6/25.9  27.6/32.3  29.4/28.6  27.0/29.0  26.5/27.0  27.3/30.3
 16   29.4/26.1  29.2/34.3  30.5/29.2  28.5/29.6  27.6/28.4  28.4/30.3
