113674419
113646027
113636579
113753488
113728318
113664946
113633038
113654286
113635298
113661429
113659069
113655516
113641317
113667301
113650919
113738072
113703531
113692826
113765278
113697495
113726066
113713019
113744984
113723682
113758176
113762115
113749810
113674999
113721336
113759237
113766410
113735364
113715372
113701124
113685763
113690454
113757826
113727264
113772937
113715217
113728679
113707176
113685635
113682140
113678685
113699895
113709455
113746326
113698761
113703060
113694016
113683345
113749087
113725036
113722524
113729658
113677394
113679763
113672619
113684725
113688090
113691638
113708263
113705891
113695298
113704678
113717775
113703487
113686911
113720132
113680983
113724932
113673822
113711821
113728185
113687103
113689280