113740109
113620813
113675477
113633403
113675563
113745971
113670847
113642495
113663761
113726249
113634243
113745999
113673212
113653439
113668421
113650805
113720356
113649337
113628315
113674419
113646027
113622399
113631852
113636579
113753488
113613636
113608948
113728318
113616014
113625918
113664946
113633038
113623571
113654286
113635298
113627394
113661429
113627102
113659069
113655516
113641317
113667301
113620462
113619657
113679102
113630690
113607794
113644871
113677936
113614841
113650919
113652147
113611289
113605451
113643600
113618628
113772943
113662619
113622060
113606620
113610121
113656698
113617246
113604281
113608282
113612468
113738072
113703531
113692826
113765278
113697495
113726066
113713019
113744984
113723682
113758176
113762115
113749810
113674999
113721336
113759237
113766410
113735364
113715372
113701124
113685763
113690454
113757826
113727264
113772937
113715217
113728679
113707176
113685635
113716576
113682140
113678685
113699895
113709455
113746326
113698761
113703060
113694016
113683345
113749087
113725036
113722524
113714206
113729658
113677394
113679763
113672619
113692779
113684725
113738813
113688090
113691638
113708263
113697572
113705891
113695298
113738657
113704678
113717775
113703487
113710667
113686911
113720132
113680983
113724932
113673822
113711821
113728185
113687103
113689280
113702310
113699947