113067521
113097911
113125644
113224254
113236034
113247647
113273596
113333418
113395629
113445183
113461103
113469214
113065954
113087145
113112822
113132794
113153433
113179000
113207353
113236034
113254907
113292331
113325067
113352052
113067522
113096241
113109182
113132795
113159429
113180209
113207284
113233703
113259814
113300601
113361268
113439858
113067524
113109182
113153431
113195165
113229596
113284191
113308626
113342744
113409195
113422375
113445185
113465093
113067522
113092068
113097421
113183530
113189343
113196323
113202318
113214242
113236533
113262156
113284198
113316943
113067521
113083668
113097923
113118870
113145342
113168728
113221279
113246820
113273596
113300589
113325072
113370862
113066303
113083668
113104649
113118872
113146627
113181583
113215092
113237239
113252618
113288902
113316942
113325069
113095439
113124487
113153445
113180379
113214242
113237685
113257456
113276019
113316908
113329732
113352049
113507960
113532009
113537115
113543206
113543803
113547380
113549871
113563715
113577176
113609850
113623209
113624027
113629111